396779868
0
0
0
0
0
0
0
0
0
0
0
0
0
0
0
0
0
0
0
0
0
0
0
0
0
0
0
0
0
0
0
0
0
0
0
0
0
0
0
0
-0.0183748826
-0.102933936
-0.144477934
-0.1836407
-0.2260496
-0.579998553
-0.579998553
-0.5846523
-0.597453833
-0.606415
-0.6355748
-0.6487883
-0.6600181
-0.6692249
-0.6831342
-0.6879498
-0.691801965
-0.69750005
-0.699875
-0.7020107
-0.704680264
-0.704680264
-0.705992
-0.705992
-0.705992
-0.705992
-0.705992
-0.705992
-0.7084709
-0.7084709
-0.7084709
-0.7084709
-0.7084709
-0.7084709
-0.7084709
-0.7084709
-0.7084709
-0.7084709
-0.7084709
-0.7084709
-0.7084709
-0.7084709
-0.6985936
-0.6866952
-0.6641574
-0.6544712
-0.630117953
-0.609622836
-0.5843233
-0.54303664
-0.520180166
-0.487112075
-0.450899929
-0.149073586
-0.127666041
-0.05548531
-0.0253086425
-0.000592491764
0
0
0
0
0
0
0
0
0
0
0
0
0
0
0
0
0
0
0
0
0
0
0
0
0
0
0
0
0
0
0
0
0
0
0
0
0
0
0
0
0
0
0
0
0
0
0
0
0
0
0
0
0
0
0
0
0
0
0
0
0
0
0
0
0
0
0
0
0
0
0
0
0
0
0
0
0
0
0
0
0
0
0
0
0
0
0
0
0
0
0
0
0
0
0
0
0
0
0
0
0
0
0
0
0
0
0
0
0
0
0
0
0
0
0
0
0
0
0
0
0
0
0
0
0
0
0
0
0
0
0
0
0
0
0
0
0
0
0
0
0
0
0
0
0
0
0
0
0
0
0
0
0
0
0
0
0
0
0
0
0
0
0
0
0
0
0
0
0
0
0
0
0
0
0
0
0
0
0
0
0
0
0
0
0
0
0
0
0
0
0
0
0
0
0
0
0
0
0
0
0
0
0
0
0
0
0
0
0
0
0
0
0
0
0
0
0
0
0
0
0
0
0
0
0
0
0
0
0
0
0
0
0
0
0
0
0
0
0
0
0
0
0
0
0
0
0
0
0
0
0
0
0
0
0
0
0
0
0
0
0
0
0
0
0
0
0
0
0
0
0
0
0
0.245398775
0.2622942
0.293797761
0.626790762
0.634344
0.6486109
0.6863738
0.7030061
0.716319561
0.7357365
0.7425261
0.747943044
0.7557632
0.758777
0.7611802
0.7630876
0.765414536
0.765414536
0.7669406
0.7669406
0.7669406
0.7669406
0.7669406
0.7690768
0.7690768
0.7690768
0.7690768
0.7690768
0.7690768
0.7690768
0.7690768
0.7690768
0.7690768
0.7690768
0.7690768
0.7690768
0.7690768
0.7690768
0.7690768
0.7690768
0.7690768
0.7690768
0.7690768
0.7690768
0.7631257
0.7630494
0.7630494
0.7630494
0.7630494
0.7630494
0.7630494
0.7630494
0.7630494
0.7630494
0.7630494
0.7630494
0.7630494
0.7630494
0.7630494
0.7630494
0.7630494
0.7630494
0.7630494
0.7630494
0.7630494
0.7630494
0.7630494
0.7630494
0.7630494
0.7630494
0.7630494
0.7630494
0.7630494
0.7630494
0.7630494
0.7630494
0.7630494
0.7630494
0.7630494
0.7630494
0.7630494
0.7630494
0.7630494
0.7630494
0.7592348
0.7588151
0.7588151
0.753321767
0.745615959
0.7348584
0.71094
0.699572
0.686144054
0.6573427
0.631707668
0.6026774
0.5265351
0.483973563
0.208246723
0.1857012
0.102527328
0.06109878
0
0
0
0
0
0
0
0
0
0
0
0
0
0
0
-0.007123133
-0.0447867177
-0.07943047
-0.136118308
-0.157853842
-0.178662717
-0.2153613
-0.2379661
-0.2580666
-0.288037062
-0.299007118
-0.3084545
-0.316454947
-0.328570843
-0.332990736
-0.3390874
-0.3411832
-0.3428598
-0.345260561
-0.345260561
-0.346556157
-0.346556157
-0.346556157
-0.346556157
-0.3412213
-0.334286243
-0.321255475
-0.2766874
-0.25783816
-0.2416583
-0.2096927
-0.190443471
-0.162772387
-0.10158255
-0.06925388
-0.0374261774
0
0
0
0
0
0
0
0
0
0
0
0
0
0
0
0
0
0
0
0
0
0
0
0
0
0
0
0
0
0
0
0
0
0
0
0
0
0
0
0
0
0
0
0
0
0
0
0
0
0
0
0
0
0
0
0
0
0
0
0
0
0
0
0
0
0
0
0
0
0
0
0
0
0
0
0
0
0
0
0
0
0
0
0
0
0
0
0
0
0
0
0
0
0
0
0
0
0
0
0
0
0
0
0
0
0
0
0
0
0
0
0
0
0
0
0
0
0
0
0
0
0
0
0
0
0
0
0
0
0
0
0
0
0
0
0
0
0
0
0
0
0
0
0
0
0
0
0
0
0
0
0
0
0
0
0
0
0
0
0
0
0
0
0
0
0
0
0
0
0
0
0
0
0
0
0
0
0
0
0
0
0
0
0
0
0
0
0
0
0
0
0
0
0
0
0
0
0
0
0
0
0
0
0
0
0
0
0
0
0
0
0
0
0
0
0
0
0
0
0
0
0
0
0
0
0
0
0
0
0
0
0
-0.009255671
-0.0208140258
-0.05091185
-0.06771857
-0.08312727
-0.111212194
-0.125133291
-0.137605339
-0.157782421
-0.166164353
-0.175469682
-0.184012473
-0.197673962
-0.202669948
-0.206445619
-0.212433279
-0.2146835
-0.216476
-0.219069436
-0.219069436
-0.22074753
-0.22074753
-0.22074753
-0.22074753
-0.22074753
-0.222730815
-0.222730815
-0.222730815
-0.222730815
-0.222730815
-0.222730815
-0.222730815
-0.222730815
-0.222764045
-0.222764045
-0.222764045
-0.222764045
-0.222764045
-0.222764045
-0.222764045
-0.222764045
-0.222764045
-0.22277309
-0.22277309
-0.22277309
-0.22277309
-0.22277309
-0.22277309
-0.22277309
-0.22277309
-0.22277309
-0.22277309
-0.22277309
-0.22277309
-0.22277309
-0.22277309
-0.22277309
-0.22277309
-0.22277309
-0.22277309
-0.22277309
-0.22277309
-0.22277309
-0.22277309
-0.22277309
-0.22277309
-0.22277309
-0.22277309
-0.22277309
-0.22277309
-0.22277309
-0.22277309
-0.22277309
-0.22277309
-0.22277309
-0.22277309
-0.22277309
-0.22277309
-0.22277309
-0.22277309
-0.22277309
-0.22277309
-0.22277309
-0.22277309
-0.22277309
-0.22277309
-0.22277309
-0.22277309
-0.22277309
-0.22277309
-0.22277309
-0.22277309
-0.22277309
-0.22277309
-0.22277309
-0.213850677
-0.208817646
-0.193147346
-0.1427144
-0.114670545
-0.08467248
-0.0552725531
-0.002275801
0
0
0
0
0
0
0
0
0
0
0
0
0
0
0
0
0
0
0
0
0
0
0
0
0
0
0
0
0
0
0
0
0
0
0
0
0
0.552745938
0.811000645
0.8537275
0.9999689
0.9999689
0.9999479
0.9999392
0.7551701
0.4781998
0
0
0
0
0
0
0
0
0
0
0
0
0
0
0
0
0
0
0
0
0
0
0
0
0
0
-0.194475055
-0.252798557
-0.2937289
-0.32782504
-0.375548363
-0.368225157
-0.324200183
0
0
0
0
0
0
0
0
0
0
0
0
0
0
0
0
0
0
0
0
0
0
0
0
0
0
0
0
0
0
0
0
0
0
0
0
0
0
0
0.601880968
0.998668253
0.997389138
0.994676948
0.9935236
0.992545545
0.991018653
0.990445
0.989973068
0.9892294
0.988956869
0.988739133
0.988739133
0.988302052
0.988302052
0.988302052
0.988302052
0.988302052
0.9879633
0.9879633
0.9879633
0.9879633
0.9879633
0.9879633
0.987861753
0.987861753
0.987861753
0.987861753
0.987861753
0.987861753
0.987861753
0.987861753
0.987861753
0.987861753
0.987861753
0.987861753
0.987861753
0.987861753
0.987861753
0.987861753
0.987861753
0.987861753
0.987861753
0.987861753
0.987861753
0.987861753
0.987861753
0.987861753
0.987861753
0.987861753
0.987861753
0.987861753
0.987861753
0.987861753
0.987861753
0.987861753
0.987861753
0.987861753
0.987861753
0.987861753
0.987861753
0.987861753
0.987861753
0.987861753
0.987861753
0.987861753
0.987861753
0.987861753
0.987861753
0.987861753
0.987861753
0.987861753
0.987861753
0.987861753
0.987861753
0.987861753
0.987861753
0.987861753
0.987861753
0.987861753
0.987861753
0.987861753
0.987861753
0.987861753
0.987861753
0.987861753
0.987861753
0.987861753
0.987861753
0.987861753
0.987861753
0.987861753
0.987861753
0.987861753
0.987861753
0.987861753
0.987861753
0.987861753
0.987861753
0.987861753
0.987861753
0.987861753
0.987861753
0.987861753
0.987861753
0.987861753
0.987861753
0.987861753
0.987861753
0.987861753
0.987861753
0.987861753
0.987861753
0.987861753
0.987861753
0.987861753
0.987861753
0.987861753
0.987861753
0.987861753
0.987861753
0.987861753
0.987861753
0.987861753
0.987861753
0.987861753
0.987861753
0.987861753
0.987861753
0.987861753
0.987861753
0.987861753
0.987861753
0.987861753
0.987861753
0.987861753
0.987861753
0.987861753
0.987861753
0.987861753
0.987861753
0.987861753
0.987861753
0.987861753
0.987861753
0.987861753
0.987861753
0.987861753
0.987861753
0.987861753
0.987861753
0.987861753
0.987861753
0.987861753
0.987861753
0.987861753
0.987861753
0.987861753
0.987861753
0.987861753
0.987861753
0.987861753
0.987861753
0.987861753
0.987861753
0.987861753
0.987861753
0.987861753
0.987861753
0.987861753
0.987861753
0.987861753
0.987861753
0.987861753
0.987861753
0.987861753
0.987861753
0.987861753
0.987861753
0.987861753
0.987861753
0.987861753
0.987861753
0.987861753
0.987861753
0.987861753
0.987861753
0.987861753
0.987861753
0.987861753
0.987861753
0.987861753
0.987861753
0.987861753
0.987861753
0.987861753
0.987861753
0.987861753
0.987861753
0.987861753
0.987861753
0.987861753
0.987861753
0.987861753
0.987861753
0.987861753
0.987861753
0.987861753
0.987861753
0.987861753
0.987861753
0.987861753
0.987861753
0.987861753
0.987861753
0.987861753
0.987861753
0.987861753
0.987766564
0.987482965
0.9870614
0.986436546
0.9613464
0.9129999
0.6483899
0.6022665
0.5620816
0.518824935
0.198885381
0.177457318
0.1436014
0.07266759
0.04297562
0.01732425
0
0
0
0
0
0
0
0
0
0
0
0
0
0
0
0
0
0
0
0
0
0
0
0
0
0
0
0
-0.259659439
-0.2799534
-0.357053041
-0.394703567
-0.4246105
-0.439455628
-0.395620376
-0.0483173467
-0.00260881823
0
0
0
0
0
0
0
0
0
0
0
0
0
0
0
0
0
0
0
0
0
0
0
0
0
0
-0.186144948
-0.214955822
-0.262567073
-0.549056053
-0.5728544
-0.5965978
-0.630931
-0.6282995
-0.590946436
-0.151114374
-0.102043688
-0.05908395
0
0
0
0
0
0
0
0
0
0
0
0
0
0
0
0
0
0
0
0
0
0
0
0
0
0
0
0
0
0
0
0
0
0
0
0
0
0
0
0
0
0
0
0
0
0
0
0
0
0
0
0
0
0
0
0
0
0
0
0
0
0
0
0
0
0
0
0
0
0
0
0
0
0
0
0
0
0
0
0
0
0
0
0
0
0
0
0
0
0
0
0
0
0
0
-0.267375052
-0.6122869
-0.6257
-0.6534088
-0.7267321
-0.766732752
-0.799413443
-0.8462057
-0.862528145
-0.8756091
-0.894182146
-0.9007036
-0.9058905
-0.912793458
-0.91512
-0.91698873
-0.91698873
-0.906538844
-0.898911238
-0.884075642
-0.876448154
-0.8692402
-0.8538711
-0.8457862
-0.837510645
-0.816383541
-0.803913355
-0.7874774
-0.7395061
-0.710488439
-0.6643908
-0.380250931
-0.33157286
-0.00588150229
0
0
0
0
0
0
0
0
0
0
0
0
0
0
0
0
0
0
0
0
0
-0.272883743
-0.303422481
-0.58880955
-0.653709531
-0.9458398
-0.9662847
-0.9996805
-0.9996805
-0.9996805
-0.9996805
-0.9996805
-0.9996805
-0.9996805
-0.9996805
-0.9996805
-0.9996805
-0.9996805
-0.9996805
-0.9996805
-0.9996805
-0.9996805
-0.9996805
-0.9996805
-0.9996805
-0.9996805
-0.9996805
-0.9996805
-0.9996805
-0.9996805
-0.9996805
-0.9996805
-0.9996805
-0.9996805
-0.9996805
-0.9996805
-0.9996805
-0.9996805
-0.9996805
-0.9996805
-0.9996805
-0.9996805
-0.9996805
-0.9996805
-0.9996805
-0.9996805
-0.9996805
-0.9996805
-0.9996805
-0.9996805
-0.9996805
-0.9996805
-0.9996805
-0.9996805
-0.9996805
-0.9996805
-0.9996805
-0.9996805
-0.9995998
-0.999547362
-0.9995376
-0.9994544
-0.999394655
-0.999387741
-0.9908491
-0.9866154
-0.98277247
-0.976021647
-0.97342813
-0.970415056
-0.9645034
-0.961032569
-0.957142353
-0.947111666
-0.9376911
-0.9223211
-0.8833054
-0.858668447
-0.826213956
-0.75253737
-0.5005752
-0.493029565
-0.43709442
-0.3939
-0.346002638
-0.300524622
-0.214834735
-0.1838854
-0.434976071
-0.6852627
-0.724850059
-0.9996774
-0.9996774
-0.9996774
-0.9996774
-0.9996774
-0.9996774
-0.9996774
-0.9996774
-0.9996774
-0.9996774
-0.9996774
-0.9996774
-0.9996774
-0.999674857
-0.9996734
-0.999671161
-0.9996702
-0.9996702
-0.999669
-0.999669
-0.999669
-0.999668241
-0.999668241
-0.999668241
-0.999668241
-0.999668241
-0.999668241
-0.999668241
-0.999668241
-0.999668241
-0.999668241
-0.999668241
-0.999668241
-0.999668241
-0.999668241
-0.999668241
-0.999668241
-0.999668241
-0.999668241
-0.999668241
-0.999668241
-0.999668241
-0.999668241
-0.999668241
-0.999668241
-0.999668241
-0.999668241
-0.999668241
-0.999668241
-0.999668241
-0.999668241
-0.999668241
-0.999668241
-0.999668241
-0.999668241
-0.999668241
-0.999668241
-0.999668241
-0.999668241
-0.999668241
-0.999668241
-0.999668241
-0.999668241
-0.999668241
-0.999668241
-0.999668241
-0.999668241
-0.999668241
-0.999668241
-0.999668241
-0.999668241
-0.999668241
-0.999668241
-0.999668241
-0.999668241
-0.999668241
-0.999668241
-0.999668241
-0.999668241
-0.999668241
-0.999668241
-0.999668241
-0.999668241
-0.999668241
-0.999668241
-0.999668241
-0.999668241
-0.999668241
-0.999668241
-0.999668241
-0.999668241
-0.999668241
-0.999668241
-0.999668241
-0.999668241
-0.999668241
-0.999668241
-0.999668241
-0.999668241
-0.999668241
-0.999668241
-0.999668241
-0.999668241
-0.999668241
-0.999668241
-0.999668241
-0.999668241
-0.999668241
-0.999668241
-0.999668241
-0.999668241
-0.999668241
-0.999668241
-0.999668241
-0.999668241
-0.999668241
-0.999668241
-0.999668241
-0.999668241
-0.999668241
-0.999668241
-0.999668241
-0.999668241
-0.999668241
-0.999668241
-0.999668241
-0.999668241
-0.999668241
-0.999668241
-0.999663234
-0.9996519
-0.999417663
-0.6724557
-0.633386
-0.273424178
0
0
0
0
0
0
0
0
0
0
0
-0.308571249
-0.635558665
-0.659007549
-0.7023894
-0.999260962
-0.999260962
-0.999260962
-0.999260962
-0.999260962
-0.999260962
-0.999260962
-0.999260962
-0.999260962
-0.999260962
-0.999260962
-0.999260962
-0.999260962
-0.999260962
-0.999260962
-0.999260962
-0.999260962
-0.999260962
-0.999260962
-0.999256134
-0.999228239
-0.9991682
-0.621895432
-0.582697451
-0.485287547
-0.229203016
-0.21286352
0
0
0
0
0
0
0
0
0
0
0
0
0
0
0
0
0
0
0
0
0
0
0
0
0
0
0
0
0
0
0
0
0
0
0
0
0
0
0
0
0
0
0
0
0
0
0
0
0
0.158375084
0.17348063
0.243700683
0.5529665
0.57380414
0.6427507
0.683686435
0.7273595
0.9950328
0.999706566
0.999713361
0.999677658
0.999682546
0.9997024
0.9996743
0.9996743
0.9996743
0.9996743
0.9996743
0.9996743
0.9996743
0.9996743
0.9996743
0.9996743
0.9996743
0.9996743
0.9996743
0.9996743
0.9996743
0.9996743
0.9996743
0.9996743
0.9996743
0.9996743
0.9996743
0.9996743
0.9996743
0.9996743
0.9996743
0.9996743
0.9996743
0.9996743
0.9996743
0.9996743
0.9996743
0.9996743
0.9996743
0.9996743
0.9996743
0.9996743
0.9996743
0.9996743
0.9996743
0.9996743
0.9996743
0.9996743
0.9996743
0.9996743
0.9996743
0.9996743
0.9996743
0.9996743
0.9996743
0.9996743
0.9996743
0.9996743
0.9996743
0.9996743
0.9996743
0.9996743
0.9996743
0.9996743
0.9996743
0.9996743
0.9996743
0.9996743
0.9996743
0.9996743
0.9996743
0.9996743
0.9996743
0.9996743
0.9996743
0.9996743
0.9996743
0.9996743
0.9996743
0.9996743
0.9996743
0.9996743
0.9996743
0.9996743
0.9996743
0.9996743
0.9996743
0.9996743
0.9996743
0.9996743
0.9996743
0.9996743
0.9996743
0.9996743
0.9996743
0.9996743
0.9996743
0.9996743
0.9996743
0.9996743
0.9996743
0.9996743
0.9996743
0.9996743
0.9996743
0.9996743
0.9996743
0.9996743
0.9996743
0.9996743
0.9996743
0.9996743
0.9996743
0.9996743
0.9996743
0.9996743
0.9996743
0.9996743
0.9996743
0.9996743
0.9996743
0.9996743
0.9996743
0.9996743
0.9996743
0.9996743
0.9996743
0.9996743
0.9996743
0.9996743
0.9996743
0.9996743
0.9996743
0.9996743
0.9996743
0.9996743
0.9996743
0.9996743
0.9996743
0.9996743
0.9996743
0.9996743
0.9996719
0.9996696
0.9996638
0.9996609
0.9996573
0.9996405
0.9996292
0.9987077
0.9616704
0.9416454
0.9131145
0.8237481
0.777339
0.517215252
0.487782538
0.458820432
0.42032063
0.144362077
0.116475455
0.08481013
0.03229667
0.0118707111
0
0
0
0
0
0
0
0
0
0
0
0
0
0
0
0
0
0
0
0
0
0
0
0
0
0
0
0
0
0
0
0
0
0
0
0
0
0
0
0
0
0.164031833
0.449615657
0.495847046
0.892409563
0.9249102
0.9508886
0.9860597
0.959279835
0.2676647
0
0
0
0
0
0
0
0
0
0
0
0
0
0
0
0
0
0
0
0
0
0
0
0
0
0
0
0
0
0
0
0
0
0
0
0
0
0
0
0
0
0
0
0
0
0
0
0
0
0
0
0
0
0
0
0
0
0
0
0
0
0
0
0
0
0
0
0
0
0
0
0
0
0
0
0
0
0
0
0
0
0
0
0
0
0
0
0
0
0
0
0
0
0
0
0
0
0
0
0
0
0
0
0
0
0
0
0
0
0
0
0
0
0
0
0
0
0
0
0
0
0
0
0
0
0
0
0
0
0
0
0
0
0
0
0
0
0
0
0
0
0
0
0
0
0
0
0
0
-0.0179787483
-0.29563728
-0.316957533
-0.349076957
-0.446962059
-0.7534373
-0.7695356
-0.8340416
-0.8636441
-0.9062166
-0.919568241
-0.919263065
-0.615194
-0.5814788
-0.2638318
-0.229547948
0
0
0
0
0
-0.270522445
-0.5353809
-0.574438334
-0.8930427
-0.913219452
-0.9358595
-0.9972784
-0.997208536
-0.997208536
-0.997208536
-0.9970499
-0.9970499
-0.633336842
-0.272200048
0
0
0
0
0
0
0
0
0
0
0
0
0
0
0
0
0
0
0
0
0
0
0
0
0
0
0
0
0
0
-0.180082858
-0.189481348
-0.229939312
-0.254187763
-0.3208281
-0.3518569
-0.377964556
-0.417341441
-0.4317171
-0.443410128
-0.46030432
-0.466284871
-0.4708561
-0.460685253
-0.429148972
-0.3838027
-0.288939744
-0.2430674
-0.203578979
-0.1648149
-0.100347362
-0.07722369
-0.0440240651
-0.03183771
-0.0228285138
-0.05504491
-0.0963773057
-0.140972987
-0.407483429
-0.423109382
-0.44735074
-0.472723722
-0.513288438
-0.527929366
-0.5493959
-0.5567933
-0.5629323
-0.571588
-0.5747911
-0.5770927
-0.578961253
-0.5816307
-0.5816307
-0.5831181
-0.5831181
-0.5831181
-0.5831181
-0.5831181
-0.5831181
-0.577931643
-0.577169
-0.577169
-0.577169
-0.577169
-0.577169
-0.577169
-0.577169
-0.577169
-0.577169
-0.5733557
-0.5672923
-0.5340025
-0.5158903
-0.4899242
-0.437196553
-0.410054684
-0.381314844
-0.3049907
-0.2601622
-0.0105316387
0
0
0
0
0
0
0
0
0
0
0
0
0
0
0
0
0
0
0
0
0
0
0
0
0
0
0
0
0
0
0
0
0
0
0
0
0
0
0
0
0
0
0
0
0
0
0
0
0
0
0
0
0
0
0
0
0
0
0
0
0
0
0
0
0
0
0
0
0
0
0
0
0
0
0
0
0
0
0
0
0
0
0
0
0
0
0
0
0
0
0
0
0
0
0
0
0
0
0
0
0
0
0
0
0
0
0
0
0
0
0
0
0
0.195505813
0.21839276
0.633418262
0.669451
0.9583463
0.9973207
0.996414
0.9947262
0.655076444
0.173794255
0
0
0
0
0
0
0
0
0
0
0
0
0
0
0
0
0
0
0
0
0
0
0
0
0
0
0
0
0
0
0
0
0
0
0
0
0
0
0
0
0
0
0
0
0
0
0
0
0
0
0
0
0
0
0
0
0
0
0
0
0
0
0
0
0
0
0
0
0
0
0
0
0
0
0
0
0
0
-0.0511560775
-0.077114664
-0.100178838
-0.1356248
-0.1527091
-0.169298664
-0.215604857
-0.244128644
-0.280625
-0.344036847
-0.369421542
-0.390387058
-0.421633631
-0.432803541
-0.441762537
-0.4546488
-0.459452659
-0.4626172
-0.465819746
-0.4702425
-0.4702425
-0.47287333
-0.47458905
-0.47458905
-0.47458905
-0.47458905
-0.47458905
-0.456707567
-0.429563075
-0.340982139
-0.0491462834
-0.0230117273
-0.0119617917
0
0
0
0
-0.0310264919
-0.3374089
-0.4086682
-0.450613856
-0.488176972
-0.547917068
-0.569161832
-0.586131
-0.6108093
-0.6196967
-0.6267913
-0.636784852
-0.6402559
-0.643002331
-0.644756854
-0.644756854
-0.644756854
-0.633313835
-0.6298809
-0.6269438
-0.6229007
-0.6229007
-0.620078146
-0.6190864
-0.6190864
-0.6163782
-0.615005
-0.6101609
-0.606041431
-0.589830756
-0.568013251
-0.5472641
-0.492493749
-0.4608454
-0.424285561
-0.334084451
-0.03476855
-0.007768609
0
0
0
0
0
0
0
0
0
0
0
0
0
0
0
0
0
0
0
0
0
0
0.206458747
0.2417799
0.498654634
0.498666644
0.498666644
0.0769543
0.0433714166
0.0119495038
0
0
0
0
0
0
0
0
0
0
0
0
0
0
0
0.421552777
0.7347065
0.998339653
0.9961558
0.9950289
0.99402386
0.992401958
0.9917685
0.9912457
0.990506768
0.990237534
0.9899942
0.989799142
0.9895592
0.9895592
0.9893819
0.6798171
0.354286283
0.00330830552
0
0
0
0
0
0
0
0
0
0
0
0
0
0
0
0
0
0
0
0
0
-0.00259731337
-0.0414243862
-0.1347043
-0.18423146
-0.464234531
-0.499715716
-0.5232503
-0.54205513
-0.5691853
-0.5786068
-0.579026341
-0.511965334
-0.206937209
-0.182106152
-0.08767398
-0.04867102
-0.0152950985
0
0
0
0
0
0
0
0
0
0
0
0
0
0
0
0
0
0
0
0
0
-0.1422828
-0.167280763
-0.201525688
-0.2969176
-0.34216252
-0.5930084
-0.5987791
-0.632551
-0.6542589
-0.672068655
-0.698154569
-0.7054239
-0.674652338
-0.6321719
-0.335482
-0.279440969
-0.2302575
0
0
0
0
0
0
0
0
0
0
0
0
0
0
0
0
0
0
0
0
0
0
0
0
0
0
0
0
0
0
0
0
0
0
0
0
0
0
0
0
0
0
0
0
0
0
0
0
0
0
0
0
0
0
0
0
0
0
0
0
0
0
0
0
0
0
0
0
0
0
0
0
0
0
0
0
0
0
0
0
0
0
0
0
0
0.381088555
0.648341835
0.685644865
0.7269121
0.80359447
0.83354336
0.876886845
0.8923852
0.9047879
0.9144741
0.928063
0.9328548
0.936523736
0.8989473
0.629582047
0.55346787
0.285320878
0.2593596
0
0
0
0
0
0
0
0
0
0
0
0
0
0
0
0
0
0
0
0
0
0
0
0
0
0
0
0
0
0
0
0
0
0
0
0
0
0
0
0
0
0
0
-0.00166191487
-0.2711527
-0.28480202
-0.344829649
-0.373366445
-0.432222039
-0.455679923
-0.4740144
-0.500050664
-0.509537935
-0.517314434
-0.523299336
-0.5317242
-0.5348649
-0.539325
-0.539325
-0.54157424
-0.54157424
-0.54157424
-0.54157424
-0.543099046
-0.543099046
-0.543099046
-0.543099046
-0.543099046
-0.534445643
-0.515423954
-0.5076097
-0.497585118
-0.4351598
-0.1559771
-0.120872669
-0.03895728
-0.005509726
0
0
0
0
0
0
0
0
0
0
0
0
0
0
0
0
0
0
0
0
0
0
0
0
0
0
0
0
0
0
0
0
0
0
0
0.267662525
0.311282516
0.664820731
0.706465244
0.9606317
0.9970613
0.9988261
0.9987469
0.998582661
0.763571739
0.478024542
0.126498282
0.0784548
0.039488893
0
0
0
0
0
0
0
0
0
0
0
0
0
0
0
0
0
0
0
0
0
0
0
0
0
0
0
0
0
0
0
0
0
0
0.131114751
0.178603888
0.588027835
0.5966877
0.6036306
0.6091638
0.617558539
0.617558539
0
0
0
0
0
0
0
0
0
0
0
0
0
0
0
0
0
0
0
-0.265657216
-0.293138772
-0.349371046
-0.332851917
0
0
0
0
0
0
0
0
0
0
0.9537825
0.955473661
0.9575503
0.964427531
0.9671872
0.968909
0.03409392
0.0171677079
0.00529720774
0
0
0
0
0
0
0
0
0
0
0
0
0
0.228140384
0.5986475
0.9484801
0.9703062
0.9860305
0.5649571
0.12169046
0
0
0
0
0
0
0
0
0
0
0
0
0
0
0
0
0
0
0
0
0
0
-0.287435442
-0.317412
-0.346706778
-0.4156783
-0.457300961
-0.5010982
-0.541045
-0.5997657
-0.620631
-0.613791049
-0.357851624
-0.322786838
0
0
0
0
0
0
0
-0.153436989
-0.4288662
-0.958527148
-0.999271452
-0.999198735
-0.9990577
-0.9982863
-0.4778517
-0.0331378356
0
0
0
0
0
0
0
