1664721626
0
0
0
0
0
0
0
0
0
0
0
0
0
0
0
0
0
0
0
0
0
0
0
0
0
0
0
0
0
0
0
0
0
0
0
0
0
0
0
0
0
0
0
0
0
0
0
0
0
0
0
0
0
0
0
0
0
0
0
0
0
0
0
0
0
0
0
0
0
0
0
0
0
0
0
0
0
0
0
0
0
0
0
0
0
0
0
0
0
0
0
0
0
0
0
0
0
0
0
0
0
0
0
-0.1292247
-0.171689421
-0.5230435
-0.5521613
-0.5653195
-0.5938613
-0.6795833
-0.7134168
-0.745577455
-0.8247163
-0.874685943
-0.917771161
-0.975486934
-0.9750891
-0.9750891
-0.9762071
-0.975706458
-0.975265563
-0.974587858
-0.974587858
-0.974059463
-0.973869145
-0.973869145
-0.973869145
-0.973341
-0.973341
-0.97322154
-0.9724947
-0.971533358
-0.9705178
-0.9680033
-0.947734356
-0.66705
-0.600077748
-0.259427
-0.232566133
-0.00769512076
-0.00104313658
0
0
0
0
0
0
0
0
0
0
0
0
0
0
0
0
0
0
0
0
0
0
0
0
0
0
0
0
0
0
0
0
0
0
0
0
0
0
0
0
0
0
0
0
0
0
0
0
0
0
0
0
0
0
0
0
0
0
0
0
0
0
0
0
0
0
0
0
0
0
0
0
0
0
0
0
0
0
0
0
0
0
0
0
0
0
0
0
0
0
0
0
0
0
0
0
0
0
0
0
0
0
0
0
0
0
0
0
0
0
0
0
0
0
0
0
0
0
0
0
0
0
0
0
0
0
0
0
0
0
0
0
0
0
0
0
0
0
0
0
0
0
0
0
0
0
0
0
0
0
0
0
0
0
0
0
0
0
0
0
0
0
0
0
0
0
0
0
0
0
0
0
0
0
0
0
0
0
0
0
0
0
0
0
0
0
0
0
0
0
0
0
0
0
0
0
0
0
0
0
0
0
0
0
0
0
0
0
0
0
0
0
0
0
0
0
0
0
0
0
0
0
0
0
0
0
0
0
0
0
0
0
0
0
0
0
0
0
0
0
0
0
0
0
0
0
0
0
0
0
0
0
0
0
0
0
0
0
0
0
0
0
0
0
0
0
0
0
0
0
0
0
0
0
0
0
0
0
0
0
0
0
0
0
0
0
0
0
0
0
0
0
0
0
0
0
0
0
0
0
0
0
0
0
0
0
0
0
0
0
0
0
0
0
0
0
0
0
0
0
0
0
0
0
0
0
0
0
0
0
0
0
0
0
0
0
0
0
0
0
0
0
0
0
0
0
0
0
0
0
0
0
0
0
0
0
0
0
0
0
0
0
0
0
0
0
0
0
0
0
0
0
0
0
0
0
0
0
0
0
0
0
0
0
0
0
0
0
0
0
0
0
0
0
0
0
0
0
0
0
0
0
0
0
0
0
0
0
0.000322396343
0.297163934
0.3550242
0.395317584
0.475346029
0.510473251
0.545214355
0.6172263
0.655303
0.6903649
0.746052861
0.7670452
0.7840905
0.808623731
0.8173564
0.824334741
0.8345548
0.838116944
0.840710044
0.844828367
0.844828367
0.8477267
0.8489087
0.8489087
0.8489087
0.8489087
0.8489087
0.8489087
0.8514255
0.8514255
0.8514255
0.8514255
0.8514255
0.8514255
0.8514255
0.8514255
0.8514255
0.8514255
0.8514255
0.8514255
0.8514255
0.8514255
0.8514255
0.8514255
0.8514255
0.8514255
0.8514255
0.8514255
0.8514255
0.8514255
0.8514255
0.8514255
0.8514255
0.8514255
0.8514255
0.8514255
0.8514255
0.8514255
0.8514255
0.8514255
0.8514255
0.8514255
0.8514255
0.8378882
0.813139856
0.794226468
0.7713099
0.725746036
0.7068733
0.691547036
0.668672562
0.668672562
0.6533857
0.6432074
0.6390141
0.6356597
0.6310854
0.6310854
0.628340662
0.6273497
0.6273497
0.6273497
0.6243002
0.6243002
0.6234997
0.6234997
0.6234997
0.6234997
0.6234997
0.6234997
0.6171421
0.5789397
0.5432987
0.500192344
0.221273392
0.208446831
0.196279779
0.177017391
0.168736726
0.1607904
0.135085329
0.117081515
0.0972837359
0.0615757219
0.04211799
0.02320081
0
0
0
0
0
0
0
0
0
0
0
0
0
0
0
0
0
0
0
0
0
0
0
0
0
0
0
0
0
0
0
0
0
0
0
0
0
0
0
0
0
0
0
0
0
0
0
0
0
0
0
0
0
0
0
0
0
0
0
0
0
0
0
0
0
0
0
0
0
0
0
0
0
0
0
0
0
0
0
0
0
0
0
0
0
0
0
0
0
0
0
0
0
0
0
0
0
0
0
0
0
0
0
0
0
0
0
0
0
0
0
0
0
-0.0130824456
-0.318308771
-0.338215083
-0.364989579
-0.418936819
-0.447899371
-0.473447025
-0.512676358
-0.5274452
-0.539689064
-0.5573589
-0.563538134
-0.5686439
-0.5758501
-0.5783752
-0.58041054
-0.5820314
-0.5841802
-0.5841802
-0.5841802
-0.5841802
-0.5841802
-0.561798334
-0.54493463
-0.5307937
-0.5098309
-0.502287
-0.496059716
-0.4870618
-0.4838766
-0.481329024
-0.47762084
-0.47762084
-0.475261778
-0.473764241
-0.473764241
-0.473764241
-0.473764241
-0.473764241
-0.473764241
-0.473764241
-0.473764241
-0.473764241
-0.473764241
-0.473764241
-0.473764241
-0.471667916
-0.471667916
-0.471667916
-0.471667916
-0.471667916
-0.471667916
-0.471667916
-0.471667916
-0.471667916
-0.471667916
-0.471667916
-0.471667916
-0.471667916
-0.471667916
-0.471667916
-0.471667916
-0.471667916
-0.471667916
-0.471667916
-0.471667916
-0.471667916
-0.471667916
-0.471667916
-0.471667916
-0.454388469
-0.4343399
-0.396156639
-0.369455963
-0.333028942
-0.286339432
-0.00227727415
0
0
0
0
0
0
0
0
0
0
0
0
0
0
0
0
0
0
0
0
0
0
0
0
0
0
0
0
0
0
0
0
0
0
0
0
0
0
0
0
0
0
0
0
0
0
0
0.60448736
0.6429869
0.6855723
0.746015131
0.7318594
0.155263036
0
0
0
0
0
0
0
0
0
0
0
0
0
0
0
0
0
0
0
0
0
0
0
0
0
0
0
0
0
0
0
0
0
0.22037141
0.604141653
0.6326151
0.6853931
0.702374935
0.695375562
0.243163675
0
0
0
0
0
0
0
0
0
0
0
0
0
0
0
0
0
0
0
0
0
0
0
0
0
0
0
0
0
0
0
0
0
0
0.574235141
0.9489073
0.9569031
0.9545575
0.951408446
0.950332
0.9494628
0.9482919
0.9478731
0.9478731
0.946970344
0.946970344
0.946970344
0.946970344
0.946970344
0.94631803
0.94631803
0.94631803
0.94631803
0.94631803
0.94631803
0.94631803
0.94631803
0.94631803
0.94631803
0.94631803
0.94631803
0.94631803
0.94631803
0.94631803
0.94631803
0.94631803
0.94631803
0.94631803
0.94631803
0.94631803
0.94631803
0.94631803
0.94631803
0.94631803
0.94631803
0.94631803
0.94631803
0.94631803
0.94631803
0.94631803
0.94631803
0.94631803
0.94631803
0.94631803
0.94631803
0.94631803
0.94631803
0.94631803
0.94631803
0.94631803
0.94631803
0.94631803
0.94631803
0.94631803
0.94631803
0.94631803
0.94631803
0.94631803
0.94631803
0.94631803
0.94631803
0.94631803
0.94631803
0.94631803
0.94631803
0.94631803
0.94631803
0.94631803
0.94631803
0.94631803
0.94631803
0.94631803
0.94631803
0.94631803
0.94631803
0.94631803
0.94631803
0.94631803
0.94631803
0.94631803
0.94631803
0.94631803
0.94631803
0.94631803
0.94631803
0.94631803
0.94631803
0.94631803
0.94631803
0.94631803
0.94631803
0.94631803
0.94631803
0.94631803
0.94631803
0.94631803
0.94631803
0.94631803
0.94631803
0.94631803
0.94631803
0.94631803
0.94631803
0.94631803
0.94631803
0.94631803
0.94631803
0.94631803
0.94631803
0.94631803
0.94631803
0.94631803
0.94631803
0.94631803
0.94631803
0.94631803
0.94631803
0.94631803
0.94631803
0.94631803
0.94631803
0.94631803
0.94631803
0.94631803
0.94631803
0.94631803
0.94631803
0.94631803
0.94631803
0.94631803
0.94631803
0.94631803
0.94631803
0.94631803
0.94631803
0.94631803
0.94631803
0.94631803
0.94631803
0.94631803
0.94631803
0.94631803
0.94631803
0.94631803
0.94631803
0.94631803
0.94631803
0.94631803
0.94631803
0.94631803
0.94631803
0.94631803
0.94631803
0.94631803
0.94631803
0.94631803
0.94631803
0.94631803
0.94631803
0.94631803
0.94631803
0.94631803
0.94631803
0.94631803
0.94631803
0.94631803
0.94631803
0.94631803
0.94631803
0.94631803
0.94631803
0.94631803
0.94631803
0.94631803
0.94631803
0.94631803
0.94631803
0.94631803
0.94631803
0.94631803
0.94631803
0.94631803
0.94631803
0.94631803
0.94631803
0.94631803
0.94631803
0.94631803
0.94631803
0.94631803
0.94631803
0.94631803
0.94631803
0.94631803
0.94631803
0.94631803
0.94631803
0.94631803
0.94631803
0.94631803
0.94631803
0.94631803
0.94631803
0.94631803
0.94631803
0.94631803
0.94631803
0.94631803
0.94631803
0.94631803
0.94631803
0.94631803
0.94631803
0.94631803
0.94631803
0.94631803
0.94631803
0.9446424
0.944261849
0.943234742
0.941899657
0.940106452
0.9384826
0.9346173
0.932114244
0.9180843
0.835144639
0.795302749
0.551207
0.5118861
0.476259142
0.433054239
0.186105967
0.158061862
0.127290919
0.0621587746
0.03496747
0.01287702
0
0
0
0
0
0
0
0
0
0
0
0
0
0
0
0
0
0
0
0
0
0
0
0
0
0
0
0
0
0
0
0
0
0
0
0
0
0
0
0
0
0
0
0
0
0
0
0
0
0
-0.2730753
-0.325284034
-0.37086603
-0.4177162
-0.491778553
-0.519298136
-0.5413443
-0.5730741
-0.5834873
-0.5867294
-0.5441995
-0.506841
-0.458278358
-0.0709932745
-0.0366649665
-0.007594029
0
0
0
0
0
0
0
0
0
0
0
0
0
0
0
0
0
0
0
0
0
0
0
0
0
0
0
0
0
0
0
0
0
0
0
0
0
0
0
0
0
0
0
0
0
0
0
0
0
0
0
0.16793257
0.5227944
0.540381968
0.5633795
0.534270346
0.135682642
0
0
0
0
0
0
0
0
0
0
0
0
0
0
0
0
0
0
0
0
0
0
0
0
0
0
0
-0.7025998
-0.99971205
-0.999583066
-0.999117553
-0.998850465
-0.998611569
-0.9982493
-0.9981822
-0.9981822
-0.9981822
-0.9981822
-0.9981822
-0.9981822
-0.9981822
-0.9981822
-0.9981822
-0.9981822
-0.9981822
-0.9981822
-0.9981822
-0.9981822
-0.9981822
-0.9981822
-0.9981822
-0.9981822
-0.9981822
-0.9981822
-0.9981822
-0.9981822
-0.9981822
-0.9981822
-0.9981822
-0.9981822
-0.9981822
-0.9981822
-0.9981822
-0.9981822
-0.9981822
-0.9981822
-0.9981822
-0.9981822
-0.9981822
-0.9981822
-0.9981822
-0.9981822
-0.9981822
-0.9981822
-0.9981822
-0.9981822
-0.998439848
-0.9984855
-0.998598754
-0.9986656
-0.9986656
-0.998819649
-0.998780668
-0.9986822
-0.594794035
-0.273702681
0
0
0
0
0
0
-0.467151672
-0.9994209
-0.9994313
-0.9994313
-0.9994313
-0.9994313
-0.9994313
-0.9994313
-0.9994313
-0.9994313
-0.9994313
-0.9994313
-0.9994313
-0.9994313
-0.9994313
-0.9994313
-0.9994313
-0.9994313
-0.9994313
-0.9994313
-0.9994313
-0.9994313
-0.9994313
-0.9994313
-0.9994313
-0.9994313
-0.9994313
-0.9994313
-0.9994313
-0.9994313
-0.9994313
-0.9994313
-0.9994313
-0.9994313
-0.9994313
-0.9994313
-0.9994313
-0.9994313
-0.9994313
-0.9994313
-0.9994313
-0.9994313
-0.9994313
-0.9994313
-0.9994313
-0.9994313
-0.9994313
-0.9994313
-0.9994313
-0.9994313
-0.9994313
-0.9994313
-0.9994313
-0.9994313
-0.9994313
-0.9994313
-0.9994313
-0.9994313
-0.9994313
-0.9994313
-0.9994313
-0.9994313
-0.9994313
-0.9994313
-0.9994313
-0.9994313
-0.9994313
-0.9994313
-0.9994313
-0.9994313
-0.9994313
-0.9994313
-0.9994313
-0.9994313
-0.9994313
-0.9994313
-0.9994313
-0.9994313
-0.9994313
-0.9994313
-0.9994313
-0.9994313
-0.9994313
-0.9994313
-0.9994313
-0.9994313
-0.9994313
-0.9994313
-0.9994313
-0.9994313
-0.9994313
-0.9994313
-0.9994313
-0.9994313
-0.9994313
-0.9994313
-0.9994313
-0.9994313
-0.9994313
-0.9994313
-0.9994313
-0.9994313
-0.9994313
-0.9994313
-0.9994313
-0.9994313
-0.9994313
-0.9994313
-0.9994313
-0.9994313
-0.9994313
-0.9994313
-0.9994313
-0.9994313
-0.9994313
-0.9994313
-0.9994313
-0.9994313
-0.9994313
-0.9994313
-0.9994313
-0.9994313
-0.9994313
-0.9994313
-0.9994313
-0.9994313
-0.9994313
-0.9994313
-0.9994313
-0.9994313
-0.9994313
-0.9994313
-0.9994313
-0.9994313
-0.9994313
-0.9994313
-0.9994313
-0.9994313
-0.9994313
-0.9994313
-0.9994313
-0.9994313
-0.9994313
-0.9994313
-0.9994313
-0.9994313
-0.9994313
-0.9994313
-0.9994313
-0.9994313
-0.9994313
-0.9994313
-0.9994313
-0.9994313
-0.9994313
-0.9994313
-0.9994313
-0.9994313
-0.9994313
-0.9994313
-0.9994313
-0.9994313
-0.9994313
-0.9994313
-0.9994313
-0.9994313
-0.9994313
-0.9994313
-0.9994313
-0.9994313
-0.9994313
-0.9994313
-0.9994698
-0.9994698
-0.9994698
-0.9994698
-0.9994698
-0.9994698
-0.9994698
-0.9994698
-0.9994698
-0.9994698
-0.9994698
-0.9994417
-0.444009
-0.06987078
-0.0214274377
0
0.09528263
0.119842462
0.19664976
0.233695969
0.2763721
0.5850852
0.9849406
0.9992749
0.9989685
0.998846054
0.998743
0.9985794
0.998422861
0.998156
0.281322449
0
0
0
0
0
0
0
0
0
0
0
0
0
0
0
0
0
0
0
0
0
0
0
-0.314100385
-0.333691537
-0.3631132
-0.665920854
-0.712172866
-0.756602
-0.8207143
-0.825844765
-0.8052947
-0.397678256
-0.356289625
0
0
0
0
0
0
0
0
0
0
0
0
0
0
0
0
0
0
0
-0.0119167846
-0.267893016
-0.2804177
-0.358232647
-0.62257576
-0.6443926
-0.7084269
-0.7386944
-0.76335746
-0.787948251
-0.757221162
-0.434566617
-0.153404176
-0.116387278
-0.07152344
-0.00369669753
0
0
0
0
-0.327181071
-0.6458521
-0.928851
-0.95051837
-0.9999579
-0.9999691
-0.9999691
-0.9999691
-0.9999691
-0.9999691
-0.999980569
-0.999980569
-0.999980569
-0.999980569
-0.999980569
-0.999980569
-0.999980569
-0.999980569
-0.999980569
-0.999980569
-0.999980569
-0.999980569
-0.816366434
-0.771131933
-0.326035559
-0.0294687022
0
0
0
0
0
0
0
0
0
0
0
0
0
0
0
0
0
0
0
0
0
0
0
0
0
0
0
0
0
0
0.18804428
0.197914362
0.212937489
0.218336791
0.2224114
0.229685038
0.244910359
0.273166835
0.3367994
0.360117882
0.378816426
0.4057211
0.415973276
0.433502734
0.461821526
0.47202155
0.47552827
0.054138165
0.0239466447
0
0
0
0
0.874114156
0.965182
0.963825166
0.96532315
0.9662239
0.9669403
0.9679235
0.968246043
0.968246043
0.9686384
0.9686384
0.9689791
0.9689791
0.9689791
0.9689791
0.9689791
0.9689791
0.9689791
0.9689791
0.9689791
0.9689791
0.9689791
0.9689791
0.9693182
0.9693182
0.9693182
0.9693182
0.9693182
0.9693182
0.9693182
0.9693182
0.9693182
0.9693182
0.9693182
0.9693182
0.9693182
0.9693182
0.9693182
0.9693182
0.9693182
0.9693182
0.9693182
0.9693182
0.9693182
0.9693182
0.9693182
0.9693182
0.9693182
0.9693182
0.9693182
0.9693182
0.9693182
0.9693182
0.9693182
0.9693182
0.9693182
0.9693182
0.9693182
0.9693182
0.9693182
0.9693182
0.9693182
0.9693182
0.9693182
0.9693182
0.9693182
0.9693182
0.9693182
0.9693182
0.9693182
0.9693182
0.9693182
0.9693182
0.9693182
0.9693182
0.9693182
0.9693182
0.9693182
0.9693182
0.9693182
0.9693182
0.9693182
0.9693182
0.9693182
0.9693182
0.9693182
0.9693182
0.9693182
0.9693182
0.9693182
0.9693182
0.9693182
0.9693182
0.9693182
0.9693182
0.9693182
0.9693182
0.9693182
0.9693182
0.9693182
0.9693182
0.9693182
0.9693182
0.9693182
0.9693182
0.9693182
0.9693182
0.9693182
0.9693182
0.9693182
0.9693182
0.9693182
0.9693182
0.9693182
0.9693182
0.9693182
0.9693182
0.9693182
0.9693182
0.9693182
0.9693182
0.9693182
0.9693182
0.9693182
0.9693182
0.9693182
0.9693182
0.9693182
0.9693182
0.9693182
0.9693182
0.9693182
0.9693182
0.9693182
0.9693182
0.9693182
0.9693182
0.9693182
0.9693182
0.9693182
0.9693182
0.9693182
0.9693182
0.9693182
0.9693182
0.9693182
0.9693182
0.9693182
0.9693182
0.9693182
0.9693182
0.9693182
0.9693182
0.9693182
0.9693182
0.9693182
0.9693182
0.9693182
0.9693182
0.968542635
0.967683733
0.9665028
0.9639509
0.9627518
0.931937456
0.671582
0.635202467
0.358855546
0.2919838
0.06795438
0.05058452
0.00759533048
0
0
0
0
0
0
0
0
0
0
0
0
0
0
0
0
0
0
0
0
0
0
0
0
0
0
0
0
0
0
0
0
0
0
0
0
0
0
0
0
0
0
0
0.185940892
0.65433687
0.6873115
0.7390297
0.7540103
0.7316438
0.3767772
0.00656920765
0
0
0
0
0
0
0
0
0
0
0
0
0
0
0
0
0
0
0
0
0
0
0
-0.17542994
-0.222971648
-0.593004644
-0.6385035
-0.6610214
-0.670612335
-0.382297
-0.345925122
-0.0510305
0
0
0
0
0
0
0
0
0
0
0
0
0
0
0
0
0
0
0
0
0
0
0
0
0
0
0
0
0
0
0
0
0
0
0
0
0
-0.2708379
-0.3047878
-0.3652794
-0.386478454
-0.394792765
-0.118131459
-0.08932308
-0.05142335
0
0
0
0
0
0
0
0
0
0
0
0
0
0
0
0
0
0
0
0
0
0
0
0
0
0
0
0
0
0
-0.0249197129
-0.07356533
-0.119366363
-0.1996743
-0.452298045
-0.477314025
-0.89986676
-0.9174926
-0.9997135
-0.9997135
-0.9997135
-0.999619246
-0.741052747
-0.7055577
-0.330185741
0
0
0
0
0
0
0
0
0
0
0
0
0
0
0
0
-0.0142202871
-0.270732045
-0.313934267
-0.348841161
-0.631416261
-0.99955076
-0.9994568
-0.99922657
-0.9986131
-0.998236656
-0.997358263
-0.9920626
-0.7491076
-0.429680258
-0.0440180376
-0.013018935
0
0
0
0
0
0
0
0
0
0
0
0
0
0
0
0
0
0
0
0
0
0
0
0
0
0
0
0
-0.221650064
-0.2647743
-0.3077301
-0.6073592
-0.632723153
-0.6983364
-0.7314753
-0.7611098
-0.796429634
-0.886660337
-0.9998442
-0.9997315
-0.9995154
-0.999423146
-0.9993494
-0.9992254
-0.9992254
-0.9991467
-0.9991008
-0.9991008
-0.9991008
-0.9991008
-0.9991008
-0.9991008
-0.99907434
-0.9992033
-0.7632321
-0.7132108
-0.461924523
-0.434829682
-0.04984297
-0.03008272
-0.00517270761
0
0
0
0
0
0
0
0
0
0
0
0
0
0
0
0
0
0
0
0
0
0
0
0
0
0
0
0
0
0
0
0
0
0
0
0
0
0
0
0
0
0
0
0
0
0
0
0
0
0
0
0
0
0
0
0
0
0
0
0
0
0
0
0
0
0
0
0
0
0
0
0
0
0
0
0
0
0
0
0
0
0
0
-0.108800076
-0.605691552
-0.6320175
-0.673985064
-0.7602077
-0.7834549
-0.742628634
-0.454587579
-0.418955147
-0.118836932
-0.0432440974
-0.007110627
0
0
0
0
0
0
0
0
0
0
0
0
0
0
0
0
0
0
0
0
0
0
0
0
0
0
0
0
0
0
0
0
0
0
0
0
0
0
0
0
0
0
0
0
0
0
0
0
0
0
0
0
0
0
0
0.194516242
0.21082066
0.23785691
0.6533874
0.702894151
0.997777045
0.9953107
0.9942198
0.993267953
0.99149245
0.5150297
0
0
0
0
0
0
0
0
0
0
0
0
0
0
0
0
0
0
0
0
0
0
0
0
0
0
0
0
-0.58351016
-0.6105513
-0.893244743
-0.9437527
-0.999342859
-0.9992538
-0.9991085
-0.9991085
-0.999013543
-0.9989795
-0.9986131
-0.9971082
-0.691785038
-0.4095487
-0.368478477
-0.008073816
0
0
0
0
0
-0.493598253
-0.922220469
-0.9988018
-0.9984653
-0.998331
-0.9982204
-0.9981286
-0.9979924
-0.9979419
-0.9979419
-0.9979419
-0.9979419
-0.9977992
-0.9977221
-0.997176647
-0.44478
-0.0252380371
0.0481523052
0.4223541
0.9875172
0.98376
0.977686763
0.975859
0.9749051
0.973572552
0.9731284
0.972767949
0.9742664
0.1797279
-0.02864222
-0.9946333
-0.995649636
-0.9963289
-0.9971835
-0.9974631
-0.7154969
0.004419745
0
0
0
0
0.6017543
0.924292743
0.924292743
0.924292743
0.9228742
0.9228742
0.92111
0.9161138
0.9142116
0.9128242
0.910310864
0.9095909
0.9090094
0.908210933
0.9079082
0.9068102
0
0
0
0
0
0
-0.999539435
-0.997869253
-0.9961026
-0.9928933
-0.9915597
-0.990580857
-0.989820361
-0.9895979
-0.9895979
-0.9891375
-0.9891375
-0.9891375
-0.9891375
-0.9891375
-0.9891375
-0.9891375
-0.9891375
-0.9888237
-0.9888237
-0.9888237
-0.9888237
-0.9888237
-0.9888237
-0.9888237
-0.9888237
-0.9888237
-0.9888237
-0.9888237
-0.9888237
-0.9888237
-0.9888237
-0.9888237
-0.9888237
-0.9888237
-0.9888237
-0.9888237
-0.9888237
-0.990977
-0.992708862
-0.9902816
-0.9576795
-0.652482867
-0.628197
-0.592242241
-0.5488469
-0.218558878
-0.200752378
-0.156043619
0
0
0
0
0
0
0
0
0
0
0
0
0
0
0
0
0
0
0
0
0
0
0
0
0
0
0
0
0
0
0
0
0
0
0
0
0
0
0
0
0
0
0
0
0
0
0
0
0
0
0
0
0
0
0
0
0
0
0
0
0
0
0
0
0
0
0
0
0
0
0
0
0
0
0
0
0
0
0
0
0
0
0
0
-0.251435161
-0.285277784
-0.3235183
-0.62139535
-0.648076057
-0.6807805
-0.769367337
-0.8097332
-0.8426586
-0.8901098
-0.9069816
-0.920480967
-0.9312731
-0.946805835
-0.952335238
-0.960305452
-0.963127434
-0.9653775
-0.9671697
-0.9697629
-0.9697629
-0.9714541
-0.9714541
-0.9714541
-0.97343713
-0.97343713
-0.97343713
-0.97343713
-0.97343713
-0.97343713
-0.97343713
-0.97343713
-0.97343713
-0.97343713
-0.97343713
-0.97343713
-0.97343713
-0.97343713
-0.97343713
-0.97343713
-0.97343713
-0.9636747
-0.9398412
-0.9006412
-0.6088236
-0.274125725
-0.2502043
-0.208200365
0
0
0
0
0
0
0
0
0
0
0
0
0
0
0
-0.2770972
-0.6947971
-0.6947971
-0.999958754
-0.999958754
-0.99998
-0.9999862
-0.9999862
-0.9999949
-0.793644547
-0.752176762
-0.0310480464
0
0
0
0
0.5101768
0.961334944
0.9611562
0.9611562
0.9611562
0.9611562
0.9611562
0.9611562
0.9611562
0.9611562
0.9611562
0.9611562
0.9611562
0.9611562
0.3896065
0
0
0
0
0
0
0
0
0
0
0
0
0
0
0
-0.189950213
-0.6748851
-0.999741256
-0.9996538
-0.9995751
-0.9994375
-0.9993895
-0.9993895
-0.999272645
-0.9991252
-0.631397247
0.2678173
0.8126069
0.938469231
0.9392394
0.941287756
0.9431663
0.945822537
0.946759045
0.9475057
