-365442247
0
0
0
0
0
0
0
0
0
0
0
0
0
0
0
0
0
0
0
0
0
0
0
0
0
0
0
0
0
0
0
0
0
0
0
0.35708952
0.7172963
0.7425373
0.769539
0.999995649
0.9999958
0.9999958
0.9999684
0.999945641
0.9999025
0.999865532
0.999865532
0.999849558
0.999849558
0.999849558
0.9998109
0.9998109
0.9998109
0.9998109
0.9998109
0.9997938
0.9997938
0.9997938
0.9997938
0.9997938
0.9997938
0.9997938
0.9997938
0.9997938
0.9997938
0.9997938
0.9997938
0.9997907
0.72138083
0.704484
0.683658838
0.6505146
0.5684014
0.520605564
0.238739714
0.206256926
0.166336015
0.0856099948
0.0547577254
0.0293020234
0
0
0
0
0
0
0
0
0
0
0
0
0
0
0
0
0
0
0
0
0
0
0
0
0
0
0
0
0
0
0
0
0
0
0
0
0
0
0
0
0
0
0
0
0
0
0
0
0
0
0
0
0
0
0
0
0
0
0
0
0
0
0
0
0
0
0
0
0
0
0
0
0
0
0
0
0
0
0
0
0
0
0
0
0
0
0
0
0
0
0
0
0
0
0
0
0
0
0
0
0
0
0
0
-0.217067972
-0.238653347
-0.317665845
-0.58922267
-0.631946266
-0.6796939
-0.9542127
-0.971179545
-0.9986625
-0.998502135
-0.9982439
-0.9981527
-0.9981527
-0.9979614
-0.9979614
-0.9979614
-0.9979614
-0.997813344
-0.997813344
-0.997813344
-0.997813344
-0.997813344
-0.997813344
-0.997813344
-0.997813344
-0.997813344
-0.997771
-0.997771
-0.997771
-0.997771
-0.997771
-0.997771
-0.997771
-0.997771
-0.997771
-0.997771
-0.997771
-0.997771
-0.997771
-0.997771
-0.997771
-0.997771
-0.997771
-0.997771
-0.997771
-0.997771
-0.997771
-0.997771
-0.997753441
-0.997717738
-0.9976954
-0.9976568
-0.9975327
-0.99744755
-0.988979042
-0.932700157
-0.9002608
-0.8607674
-0.776213765
-0.733031332
-0.462846756
-0.453593433
-0.404612571
-0.376752019
-0.305232078
-0.268216223
-0.224102959
-0.182786688
-0.100649893
-0.06453471
-0.01136521
0
0
0
0
0
0
0
0
0
0
0
0
0
0
0.0359376222
0.08468559
0.133514136
0.221366987
0.259932667
0.295871347
0.37659952
0.63588506
0.6452225
0.687626958
0.717336953
0.7454119
0.7964822
0.8228031
0.847672
0.896690547
0.9151536
0.9301834
0.951812565
0.959518254
0.965656757
0.9745069
0.977673054
0.980190754
0.9822126
0.985111833
0.9863707
0.9863707
0.9863707
0.9888119
0.9888106
0.9888106
0.9888106
0.9888106
0.9888106
0.990031242
0.990031242
0.990029037
0.990029037
0.990029037
0.990027964
0.990027964
0.99002707
0.99002707
0.9900268
0.9900268
0.9850677
0.9843048
0.9843048
0.9843053
0.9813679
0.9719456
0.9488663
0.6449454
0
0
0
0
0
0
0
0
0
0
0
0
0
0.520167053
0.8521747
0.9984938
0.99774456
0.997038364
0.995855749
0.995389342
0.9949988
0.9943902
0.9941744
0.994000733
0.993858159
0.993653059
0.993653059
0.992920339
0.56237483
0.275090128
0
0
0
0
0
0
0
0
0
0
-0.129982665
-0.172478914
-0.545800149
-0.5915136
-0.6350521
-0.923584044
-0.949938059
-0.9777419
-0.9994043
-0.9994043
-0.9995733
-0.9995945
-0.9995945
-0.9995945
-0.999660134
-0.999660134
-0.999660134
-0.9996774
-0.9996774
-0.9996774
-0.9996774
-0.9996774
-0.9996774
-0.9996774
-0.9996774
-0.9996774
-0.9996774
-0.9996774
-0.9996774
-0.9996774
-0.9996774
-0.9996774
-0.999674559
-0.9996633
-0.999649167
-0.975630343
-0.932223439
-0.678817451
-0.666820943
-0.6167035
-0.583181441
-0.490860552
-0.22315453
-0.2063432
0
0
0
0
0
0
0
0
0
0
0
0
0
0
0
0
0
0
0
0
0
0
0
0
0
0
0
0
0
0
0
0
0
0
0
0
0
0
0
0
0
0
0
0
0
0
0
0
0
0
0
0
0
0
0
0
0
0
0
0
0
0
0
0.0151665984
0.3541634
0.396173358
0.774378657
0.8096279
0.8446116
0.8957739
0.913973153
0.9283204
0.907807
0.860232234
0.552227557
0.5221496
0.214219972
0
0
0
0
0
0
0
0
0
0
0
0
0
0
0
0
0
0
0
0
0
0
0
0
0
0
0
0
0
0
0
0
0
0
0
0
0
0
0
0
0
0
0
0
0
0
0
0
0
0
0
0
0
0
0
0
0
0
0
0
0
0
0
0
0
0
0
0
0
0
0
0
0
0
0
0
0
0
0
0
0
0
0
0
0
0
0
0
0
0
0
0
0
0
0
0
0
0
0
0
0
0
0
0
0
0
0
0
0
0
0
0
0
0
0
0
0
0
0
0
0
0
0
0
0
0
0
0
0
0
0
0
0
0
0
0
0
0
0
0
0
0
0
0
0
0
0
0
0
0
0
0
0
0
0
0
0
0
0
0
0
0
0
0
0
0
0
0
0
0
0
0
0
0
0
0
0
0
0
0
0
0
0
0
0
0
0
0
0
0
0
0
0
0
0
-0.0320610851
-0.120925486
-0.166559324
-0.4417832
-0.4547897
-0.469041049
-0.486357123
-0.503015
-0.532161534
-0.5442524
-0.5545738
-0.570236146
-0.575942039
-0.5843483
-0.5875226
-0.5900548
-0.593683362
-0.593683362
-0.593683362
-0.5962917
-0.5962917
-0.5976148
-0.5976148
-0.5976148
-0.5976148
-0.5976148
-0.5976148
-0.5976148
-0.5713707
-0.506856441
-0.467696041
-0.3931981
-0.354495
-0.31877774
-0.2835157
-0.203826159
-0.169978246
-0.140162557
-0.09442654
-0.07671822
-0.0607702546
-0.0240383372
-0.00285898335
0
0
0
0
0
0
0
0
0
0
0
0
0
0
0
0
0
0
0
0
0
0
0
0
0
0
0
0
0
0
0
0
0
0
0
0
0
0
0
0
0
0
0
0
0
0
0
0
0
0
0
0
0
0
0
0
0
0
0
0
0
0
0
0
0
0
0
0
0
0
0
0
0
0
0
0
0
0
0
0
0
0
0
0
0
0
0
0
0
0.179649264
0.2394463
0.5121531
0.5400382
0.816839159
0.8406447
0.8666995
0.9173635
0.9378103
0.954404354
0.979123533
0.987668455
0.994535
0.9999336
0.999934
0.9999343
0.9999345
0.9999345
0.9999334
0.982293665
0.911378741
0.6405791
0.6168907
0.262632519
0.217098281
0
0
0
0
0
0
0
0
0
0
0
0
0
0
0
0
0
0
0
0
0
0
0
0
0
0
0
0
0
0
0
0
0
0
0
0
0
0
0
0
0
0
0
0
0
0.219618559
0.517035663
0.5211575
0.5228743
0.09891878
0.05912316
0
0
0
0
0
0
0
0
0
0
0
0
0
0
0
0
0
0
0
0
0
0
0
0
0
0
0
0
0
0
0
0
0
0
0
0
0
0
0
0
0
0
0
0
0
0
0
0
0
0
0
0
0
0
0
0
0
0
0
0
0
0
0
0
0
0
0
0
0
0
0
0
0
0
0
0
0
0
0
0
0
0
0
0
0
0
0
0
0
0
0
0
0.1668035
0.849520445
0.8931515
0.9737639
0.972135663
0.969718933
0.968879938
0.9675779
0.967151
0.9668092
0.966312051
0.9660917
0.9660917
0.9660917
0.9660917
0.9660917
0.965553045
0.965553045
0.965553045
0.965553045
0.965553045
0.965553045
0.965553045
0.965553045
0.965553045
0.965553045
0.965553045
0.965553045
0.965553045
0.965553045
0.965553045
0.965553045
0.965553045
0.965553045
0.965553045
0.965553045
0.965553045
0.965553045
0.965553045
0.965553045
0.965553045
0.965553045
0.965553045
0.965553045
0.965553045
0.965553045
0.965553045
0.965553045
0.965553045
0.965553045
0.965553045
0.965553045
0.965553045
0.965553045
0.965553045
0.965553045
0.965553045
0.965553045
0.965553045
0.965553045
0.965553045
0.965553045
0.965553045
0.965553045
0.965553045
0.965553045
0.965553045
0.965553045
0.965553045
0.965553045
0.965553045
0.965553045
0.965553045
0.965553045
0.965553045
0.965553045
0.965553045
0.965553045
0.965553045
0.965553045
0.965553045
0.965553045
0.965553045
0.965553045
0.965553045
0.965553045
0.965553045
0.965553045
0.965553045
0.965553045
0.965553045
0.965553045
0.965553045
0.965553045
0.965553045
0.965553045
0.965553045
0.965553045
0.965553045
0.965553045
0.965553045
0.965553045
0.965553045
0.965553045
0.965553045
0.965553045
0.965553045
0.965553045
0.965553045
0.965553045
0.965553045
0.965553045
0.965553045
0.965553045
0.965553045
0.965553045
0.965553045
0.965553045
0.965553045
0.965553045
0.965553045
0.965553045
0.965553045
0.965553045
0.965553045
0.965553045
0.965553045
0.965553045
0.965553045
0.965553045
0.965553045
0.965553045
0.965553045
0.965553045
0.965553045
0.965553045
0.965553045
0.965553045
0.965553045
0.965553045
0.965553045
0.965553045
0.965553045
0.965553045
0.965553045
0.965553045
0.965553045
0.965553045
0.965553045
0.965553045
0.965553045
0.965553045
0.965553045
0.965553045
0.965553045
0.965553045
0.965553045
0.965553045
0.965553045
0.965553045
0.965553045
0.965553045
0.965553045
0.965553045
0.965553045
0.965553045
0.965553045
0.965553045
0.965553045
0.965553045
0.965553045
0.965553045
0.965553045
0.965553045
0.965553045
0.965553045
0.965553045
0.965553045
0.965553045
0.965553045
0.965553045
0.965553045
0.965553045
0.965553045
0.965553045
0.965553045
0.965553045
0.965553045
0.965553045
0.965553045
0.965553045
0.965553045
0.965553045
0.965553045
0.965553045
0.965553045
0.965553045
0.965553045
0.965553045
0.965553045
0.965553045
0.965553045
0.965352654
0.9647514
0.964263558
0.9631939
0.9601747
0.958486259
0.939896345
0.91879636
0.892705739
0.83459276
0.8036039
0.7709791
0.6939992
0.654913
0.6096107
0.5213738
0.48028934
0.4381174
0.1595389
0.144037709
0.123101853
0.07280159
0.0498595424
0.03099019
0
0
0
0
0
0
0
0
0
0
0
0
0
0
0
0
0
0
0
0
0
0
0
0
0
0
0
0
0
0
0
0
0
0
0
0
0.3647374
0.99123317
0.9942327
0.988689959
0.986334145
0.9843017
0.9811466
0.9799605
0.9789868
0.9762632
0.779318
0.7492419
0.40972206
0.106620185
0.07440427
0.0185660254
0
0
0
0
0
0
0
0
0
0
0
0
0
0
0
0
0
0
0
0
0
0
0
0
0
0
0
0
0
0
0
0
0
-0.2589264
-0.282774866
-0.347361028
-0.3721647
-0.392010361
-0.4147525
-0.391599476
-0.141381025
-0.06232964
-0.02646899
0
0
0
0
0
0
0
0
0
0
0
0
0
0
0
0
0
0
0
0
0
0
0
0
0
0
0
0
0
0
0
0
0
0
0
0
0
0
0
0
0
0
0
0
0
0
0
0
0
0
0
0
0
0
0
0
0
0
0
0
0
0
0
0
0
-0.605799258
-0.9963315
-0.9914818
-0.9890716
-0.9869104
-0.9850499
-0.9821393
-0.981067061
-0.979467332
-0.978885233
-0.9784167
-0.9777297
-0.9777297
-0.977323949
-0.977323949
-0.9771136
-0.9771136
-0.9771136
-0.9771136
-0.9771136
-0.9771136
-0.9771136
-0.9771136
-0.9771136
-0.9771136
-0.9771136
-0.9771136
-0.9771136
-0.9771136
-0.9771136
-0.9771136
-0.9771136
-0.9771136
-0.9771136
-0.9771136
-0.9771136
-0.9771136
-0.9771136
-0.9771136
-0.9771136
-0.9771136
-0.9771136
-0.9771136
-0.9771136
-0.9771136
-0.9771136
-0.9771136
-0.9771136
-0.9771136
-0.9771136
-0.9771136
-0.9771136
-0.9771136
-0.9771136
-0.9771136
-0.9771136
-0.9771136
-0.9771136
-0.9771136
-0.9771136
-0.9771136
-0.9771136
-0.9771136
-0.9771136
-0.9771136
-0.9771136
-0.9771136
-0.9771136
-0.9771136
-0.9771136
-0.9771136
-0.9771136
-0.9771136
-0.9771136
-0.9771136
-0.9771136
-0.9771136
-0.9771136
-0.9771136
-0.9771136
-0.9771136
-0.9771136
-0.9771136
-0.9771136
-0.9771136
-0.9771136
-0.9771136
-0.9771136
-0.9771136
-0.9771136
-0.9771136
-0.9771136
-0.9771136
-0.9771136
-0.9771136
-0.9771136
-0.9771136
-0.9771136
-0.9771136
-0.9771136
-0.9771136
-0.9771136
-0.9771136
-0.9771136
-0.9771136
-0.9771136
-0.9771136
-0.9771136
-0.9771136
-0.9771136
-0.9771136
-0.9771136
-0.9771136
-0.9771136
-0.9771136
-0.9771136
-0.9771136
-0.9771136
-0.9771136
-0.9771136
-0.9771136
-0.9771136
-0.9771136
-0.9771136
-0.9771136
-0.9771136
-0.9771136
-0.9771136
-0.9771136
-0.9771136
-0.9771136
-0.9771136
-0.9771136
-0.9771136
-0.9771136
-0.9771136
-0.9771136
-0.9771136
-0.9771136
-0.9771136
-0.9771136
-0.9771136
-0.9771136
-0.9771136
-0.9771136
-0.9771136
-0.9771136
-0.9771136
-0.9771136
-0.9771136
-0.9771136
-0.9771136
-0.9771136
-0.9771136
-0.9771136
-0.9771136
-0.9771136
-0.9771136
-0.9771136
-0.9771136
-0.9771136
-0.9771136
-0.9771136
-0.9771136
-0.9771136
-0.9771136
-0.9771136
-0.9771136
-0.9771136
-0.9771136
-0.9771136
-0.9771136
-0.9771136
-0.9771136
-0.9771136
-0.9771136
-0.9771136
-0.9771136
-0.9771136
-0.9771136
-0.9771136
-0.9771136
-0.9771136
-0.9771136
-0.9771136
-0.9771136
-0.9771136
-0.9771136
-0.9771136
-0.9771136
-0.9771136
-0.9771136
-0.9771136
-0.9771136
-0.9771136
-0.9771136
-0.9771136
-0.9771136
-0.9771136
-0.9771136
-0.9771136
-0.9771136
-0.9771136
-0.9771136
-0.9771136
-0.9771136
-0.9771136
-0.9771136
-0.9771136
-0.9771136
-0.9771136
-0.9771136
-0.9771136
-0.9771136
-0.9771136
-0.9771136
-0.9771136
-0.9771136
-0.9771136
-0.9771136
-0.9771136
-0.9771136
-0.9771136
-0.9771136
-0.9771136
-0.9771136
-0.9771136
-0.9771136
-0.9771136
-0.9771136
-0.9771136
-0.9771136
-0.9771136
-0.9771136
-0.9771136
-0.9771136
-0.9771136
-0.9771136
-0.9768675
-0.9762553
-0.9757324
-0.9750596
-0.9737147
-0.9728771
-0.9684255
-0.936785161
-0.6328517
-0.6114102
-0.287418962
-0.263694316
-0.219514325
0
0
0
0
0
0
0
0
0
0
0
0
0
0
0
0
0
0
0.311445683
0.356163174
0.65112716
0.6521537
0.3470284
0
0
0
0
0
0
0
0
0
0
0
0
0
0
0
0
0
0
0
0
0
0
0
0
0
0
0
0
0
-0.153725773
-0.176213026
-0.237364218
-0.267060041
-0.291487575
-0.328508139
-0.346099436
-0.3652029
-0.401039064
-0.42208758
-0.4565787
-0.8017144
-0.828681469
-0.8690456
-0.9997371
-0.999698758
-0.999698758
-0.9996562
-0.9996562
-0.9996562
-0.999619246
-0.999619246
-0.999619246
-0.999619246
-0.999619246
-0.999619246
-0.9995033
-0.999379337
-0.685206056
-0.6274441
-0.5917994
-0.558483362
-0.4887005
-0.447436452
-0.1835183
0
0
0
0
0
0
0
0
0
0
0
-0.286281765
-0.322111636
-0.6449639
-0.676748753
-0.723303854
-0.7148186
-0.665396869
-0.262035966
0
0
0
0
0
0
0
0
0
0
0
0
0
0
0
0
0
0
0
0
0
0
0
0
0
0
0
0.366071254
0.677203059
0.9516105
0.9997024
0.9996618
0.9996226
0.9995671
0.9995671
0.999534249
0.999534249
0.999534249
0.999534249
0.999534249
0.999534249
0.999473751
0.999473751
0.999473751
0.999473751
0.999473751
0.999473751
0.999473751
0.999473751
0.999473751
0.999473751
0.999473751
0.999473751
0.999473751
0.999473751
0.999473751
0.999473751
0.999473751
0.999473751
0.999473751
0.999473751
0.999473751
0.999473751
0.999473751
0.999473751
0.999473751
0.999473751
0.999473751
0.999473751
0.999473751
0.999473751
0.999473751
0.999473751
0.999473751
0.999473751
0.999473751
0.999473751
0.999473751
0.999439538
0.999439538
0.999439538
0.999439538
0.999439538
0.999439538
0.999439538
0.999439538
0.999439538
0.999439538
0.999439538
0.999439538
0.999439538
0.999439538
0.999439538
0.999439538
0.999439538
0.999439538
0.999439538
0.999439538
0.999439538
0.999439538
0.999439538
0.999439538
0.999439538
0.999439538
0.999439538
0.999439538
0.999439538
0.999439538
0.999439538
0.999439538
0.999439538
0.999439538
0.999439538
0.999439538
0.999439538
0.999439538
0.999439538
0.999439538
0.999439538
0.999439538
0.999439538
0.999439538
0.999439538
0.999439538
0.999439538
0.999439538
0.999439538
0.999439538
0.999439538
0.999439538
0.999439538
0.999439538
0.999439538
0.999439538
0.999439538
0.999439538
0.999439538
0.999439538
0.999439538
0.999439538
0.999439538
0.999439538
0.999439538
0.999439538
0.999439538
0.999439538
0.999439538
0.999439538
0.999439538
0.999439538
0.999439538
0.999439538
0.999439538
0.999439538
0.999439538
0.999439538
0.999439538
0.999439538
0.999439538
0.999439538
0.999439538
0.999439538
0.999439538
0.999439538
0.999439538
0.999439538
0.999439538
0.999439538
0.999439538
0.999439538
0.999439538
0.999439538
0.999439538
0.999439538
0.999439538
0.999439538
0.999439538
0.999439538
0.999439538
0.999439538
0.999439538
0.999439538
0.999439538
0.999439538
0.999439538
0.999439538
0.999439538
0.999439538
0.999439538
0.999439538
0.999439538
0.9994192
0.999392
0.9993538
0.7098627
0.661246955
0.3414267
0.31424886
0
0
0
0
0
0
0
0
0
0
0
0
0
0
0
0
0
0
0
0
0
0
0
0
0
0
0
0
0
0
0
0
0
0
0
0
0
0
0
0
0
0
0
0
0
0
0
0
0
0
0
0
0
0
0
0
0
0
0
0
0
0
0
0
0
0
0
0
0
0
0
0
0
0
0
0
0
0
0
0
0
0
0
0
0
0
0
0
0
0
0
0
0
0
0
0
0
0
0
0
0
0
0
0
0
0
0
0
0
0
0
0
0
0
0
0
0
0
0
0
0
0
0
0
0
0
0
0
0
0
0
0
0
0
0
0
0
0
0
0
0
0
0
0
0
0
0
0
0
0
0
0
0
0
0
0
0
0
0
0
0
0
0
0
0
0
0
0
0
0
0
0
0
0
0
0
0
0
0
0
0
0
0
0
0
0
0
0
0
0
0
0
0
0
0
0
0
0
0
0
0
-0.256964058
-0.276108444
-0.314783156
-0.6720676
-0.9804431
-0.998049736
-0.997480333
-0.9969324
-0.996442139
-0.995644
-0.9953224
-0.994833231
-0.994304538
-0.5486682
-0.187969565
0
0
0
0
0
0
0
0
0
0
0
0
-0.823336542
-0.997185767
-0.994605243
-0.9934412
-0.9924279
-0.991567433
-0.9902542
-0.989786267
-0.989053965
-0.9887882
-0.9885733
