-165248120
0
0
0
0
0
0
0
0
0
0
0
0
0
0
0
0
0
0
0
0
0
0
0
0
0
0
0
0
0
0
0
0
0
0
0
0
0
0
0
0
0
0
0
0
0
0
0
0
0
0
0
0
0
0
0
0
0
0
0
0
0
0
0
0
0
0
0
0
0
0
0
0
0
0
0
0
0
0
0
0
0
0
0
0
0
0
0
0
0
0
0
0
0
0
0
0
0
0
0
0
0
0
0
0
0
0
-0.0142519483
-0.09497197
-0.143424
-0.4231066
-0.429338872
-0.441679031
-0.4488564
-0.467034161
-0.520706534
-0.544194
-0.5640825
-0.5939938
-0.6059385
-0.618818641
-0.641011357
-0.6498253
-0.6570772
-0.667924345
-0.6719591
-0.67502284
-0.679133356
-0.679133356
-0.681835651
-0.6831096
-0.6831096
-0.6831096
-0.686002135
-0.686002135
-0.686002135
-0.686002135
-0.686763346
-0.686763346
-0.686763346
-0.686763346
-0.686763346
-0.686763346
-0.686763346
-0.686763346
-0.686763346
-0.686763346
-0.686763346
-0.686763346
-0.686763346
-0.686763346
-0.686763346
-0.686763346
-0.686763346
-0.686763346
-0.686763346
-0.681054354
-0.6518132
-0.6198969
-0.591259837
-0.530896366
-0.4913317
-0.4471019
-0.184994444
-0.171494186
-0.151368663
-0.111799091
-0.09024302
-0.0687667355
-0.034322273
-0.0187116321
-0.005591704
0
0
0
0
0
0
0
0
0
0
0
0
0
0
0
0
0
0
0
0
0
0
0
0
0
0
0
0
0
0
0
0
0
0
0
0
0
0
0
0
0
0
0
0
0
0
0
0
0
0
0
0
0
0
0
0
0
0
0
0
0
0
0
0
0
0
0
0
0
0
0
0
0
0
0
0
0
0
0
0
0
0
0
0
0
0
0
0
0
0
0
0
0
0
0
0
0
0
0
0
0
0
0
0
0
0
0
0
0
0
0
0
0
0
0
0
0
0
0
0
0
0
0
0
0
0
0
0
0
0
0
0
0
0
0
0
0
0
0
0
0
0
0
0
0
0
0
0
0
0
0
0
0
0
0
0
0
0
0
0
0
0
0
0
0
0
0
0
0
0
0
0
0
0
0
0
0
0
0
0
0
0
0
0
0
0
0
0
0
0
0
0
0
0
0
0
0
0
0
0
0
0
0
0
0
0
0
0
0.262327462
0.289105326
0.5577781
0.5760612
0.5966766
0.6370687
0.6532557
0.666655958
0.6859782
0.692843139
0.698348343
0.706242859
0.7090395
0.711060643
0.713081956
0.7130958
0.7130958
0.7130958
0.7130958
0.7130958
0.7130958
0.6938374
0.6606226
0.347259969
0.01277515
0
0
0
0
0
0
0
0
0
0
0
0
0
0
0
0
0
0
0
0
0
0
0
0
-0.008411295
-0.288415283
-0.320319563
-0.350950658
-0.42674917
-0.46502924
-0.499002844
-0.5594295
-0.5861104
-0.6081291
-0.640473068
-0.65232116
-0.661772668
-0.6753968
-0.680237055
-0.6838958
-0.6891174
-0.691213548
-0.6912439
-0.6951692
-0.6951692
-0.6951692
-0.6951692
-0.6951692
-0.6951692
-0.6686831
-0.6438761
-0.60939455
-0.26556617
-0.241630167
-0.201475114
0
0
0
0
0
0
0
0
0
0
0
0
0
0
0
0
0
0
0
0
0
0
0
0
0
0
0
0
0
0
0
0
0
0
0
0
0
0
0
0
0
0
0
0
0
0.321911663
0.6699075
0.7107185
0.9999522
0.9998679
0.999767
0.999580443
0.999501
0.9994324
0.9993206
0.9993206
0.999250352
0.9989053
0.9984688
0.9979292
0.95596844
0.684096336
0.6718762
0.376277357
0.34427458
0.0399092957
0
0
0
0
0
0
0
0
0
0
0
0
0
0
0
0
0
0
0
0
0
0
0
0
0
0
0
0
0
0
0
0
0
0
0
0
0
0
0
0
0
0
0
0
0
0
0
0
0
0
0
0
0
0
0
0
0
0
0
0
0
0
0
0
0
0
0
0
0
0
0
0
0
0
0
0
0
0
0
0
0
0
0
0
0
0
0
0
0
0
0
0
0
0
0
0
0
0
0
0
0
0
0
0
0
0
0
0
0
0
0
0
0
0
0
0
0
0
0
0
0
0
0
0
0
0
0
0
0
0
0
0
0
0
0
0
0
0
0
0
0
0
0
0
0
0
0
0
0
0
0
0
0
0
0
0
0
0
0
0
0
0
0
0
0
0
0
0
0
0
0
0
0
0
0
0
0
0
0
0
0
0
0
0
0
0
0
0
0
0
0
0
0
0
0
0
0
0
0
0
0
0
0
0
0
0
0
0
0
0
0
0
0
0
0
0
0
0
0
0
0
0
0
0
0
0
0
0
0
0
0
0
0
0
0
0
0
0
0
0
0
0
0
0
0
0
0
0
0
0
0
0
0
0
0
0
0
0
0
0
0
0
0
0
0
0
0.009374708
0.326842427
0.363613158
0.411901176
0.488985151
0.516810536
0.539063454
0.5710904
0.582723141
0.591819
0.6048698
0.6095225
0.613222063
0.6185614
0.620488
0.620488
0.6241872
0.6241872
0.624196231
0.624196231
0.624196231
0.6270564
0.6270564
0.6270564
0.6270564
0.6270763
0.6270763
0.6270864
0.6270864
0.6270864
0.6270864
0.6271137
0.6271137
0.6271217
0.6271217
0.6271217
0.6271217
0.627166033
0.627166033
0.627166033
0.6206085
0.6150548
0.5849037
0.564893663
0.5371869
0.502548754
0.163612023
0.131817847
0.08778982
0.0179486685
0
0
0
0
0
0
0
0
0
0
0
0
0
0
0
0
0
0
0
0
0
0
0
0
0
0
0
0
0
0
0
0
0
0
0
0
0
0
0
0
0
0
0
0
0
0
0
0
0
0
0
0
0
0
0
0
0
0
0
0
0.186746716
0.21824646
0.4925971
0.5210589
0.5477002
0.5865209
0.6000871
0.606909752
0.224356934
0
0
0
0
0
0
0
0
0
0
0
0
0
0
0
0
0
0
0
0
0
0
0
0
0
0
0
0
0
0
0.337243527
0.377985269
0.6380813
0.6384162
0.631270647
0.0420381054
0.007918717
0
0
0
0
0
0
0
0
0
0
0
0
0
0
0
0
0
0
0
0
0
0
0
0
0
0
0
0.341042429
0.9533075
0.959595
0.9576391
0.9548802
0.9538592
0.9530813
0.9519177
0.9514764
0.9514764
0.95064044
0.95064044
0.95064044
0.95064044
0.95064044
0.9500315
0.9500315
0.9500315
0.9500315
0.9500315
0.9500315
0.9500315
0.9500315
0.9500315
0.9500315
0.9500315
0.9500315
0.9500315
0.9500315
0.9500315
0.9500315
0.9500315
0.9500315
0.9500315
0.9500315
0.9500315
0.9500315
0.9500315
0.9500315
0.9500315
0.9500315
0.9500315
0.9500315
0.9500315
0.9500315
0.9500315
0.9500315
0.9500315
0.9500315
0.9500315
0.9500315
0.9500315
0.9500315
0.9500315
0.9500315
0.9500315
0.9500315
0.9500315
0.9500315
0.9500315
0.9500315
0.9500315
0.9500315
0.9500315
0.9500315
0.9500315
0.9500315
0.949816346
0.949816346
0.949816346
0.949816346
0.949816346
0.949816346
0.949816346
0.949816346
0.949816346
0.949816346
0.949816346
0.949816346
0.949816346
0.949816346
0.949816346
0.949816346
0.949816346
0.949816346
0.949816346
0.949816346
0.949816346
0.949816346
0.949816346
0.949816346
0.949816346
0.949816346
0.949816346
0.949816346
0.949816346
0.949816346
0.949816346
0.949816346
0.949816346
0.949816346
0.949816346
0.949816346
0.949816346
0.949816346
0.949816346
0.949816346
0.949816346
0.949816346
0.949816346
0.949816346
0.949816346
0.949816346
0.949816346
0.949816346
0.949816346
0.949816346
0.949816346
0.949816346
0.949816346
0.949816346
0.949816346
0.949816346
0.949816346
0.949816346
0.949816346
0.949816346
0.949816346
0.949816346
0.949816346
0.949816346
0.949816346
0.949816346
0.949816346
0.949816346
0.949816346
0.949816346
0.949816346
0.949816346
0.949816346
0.949816346
0.949816346
0.949816346
0.949816346
0.949816346
0.949816346
0.949816346
0.949816346
0.949816346
0.949816346
0.949816346
0.949816346
0.949816346
0.949816346
0.949816346
0.949816346
0.949816346
0.949816346
0.949816346
0.949816346
0.949816346
0.949816346
0.949816346
0.949816346
0.949816346
0.949816346
0.949816346
0.949816346
0.949816346
0.949816346
0.949816346
0.949816346
0.949816346
0.949816346
0.949816346
0.949816346
0.949816346
0.949816346
0.949816346
0.949816346
0.949816346
0.949816346
0.949816346
0.949816346
0.949816346
0.949816346
0.949816346
0.949816346
0.949816346
0.949816346
0.949816346
0.949816346
0.949816346
0.949816346
0.949816346
0.949816346
0.949816346
0.949816346
0.949816346
0.949816346
0.949816346
0.949816346
0.949816346
0.949816346
0.949816346
0.949816346
0.949816346
0.949816346
0.949816346
0.949816346
0.949816346
0.9485688
0.948178649
0.947826147
0.9471442
0.9466452
0.9454857
0.9423378
0.940416932
0.938036859
0.8865822
0.8385772
0.7958068
0.720170557
0.6814355
0.643856466
0.386291653
0.360275447
0.32409218
0.248471811
0.2149576
0.184987649
0.131614983
0.11057055
0.09124227
0.0556617752
0.0394755565
0.0242120717
0
0
0
0
0
0
0
0
0
0
0
0
0
0
0
0
0
0
0
0
0
0
0
0
0
0
0
0
0
0
0
0
0
0
0
0
0
0
0
0
0
0
0
0
0
0
0
0
0
0
0
0
0
0
0
0
0
0
0
0
0
0
0
0
0
0
0
0
0
0
0
0
0
0
0
0
0
0
0
0
0
0
0
0
0
0.220792562
0.245238036
0.557495058
0.573435247
0.5874289
0.6067242
0.5883495
0.2942227
0.0167346355
0
0
0
0
0
0
0
0
0
0
0
0
0
0
0
0
0
0
0
0
0
0
0
0
0
0
0
0
0
0
0
0
0
0
0
0
0
0
0
0
0
0
0
0
0
0
0
0
0
0
0
0
0
0
0
0
0
0
0
-0.613185
-0.6601657
-0.998244464
-0.9957617
-0.994491935
-0.9933583
-0.991590738
-0.9909343
-0.9904862
-0.9899603
-0.9899603
-0.9897009
-0.9895075
-0.9895075
-0.9895075
-0.9895075
-0.9895075
-0.9895075
-0.989255667
-0.989255667
-0.989255667
-0.989255667
-0.989255667
-0.989255667
-0.989255667
-0.989255667
-0.989255667
-0.989255667
-0.989255667
-0.989255667
-0.989255667
-0.989255667
-0.989255667
-0.989255667
-0.989255667
-0.989255667
-0.989255667
-0.989255667
-0.989255667
-0.989255667
-0.989255667
-0.989255667
-0.989255667
-0.989255667
-0.989255667
-0.989255667
-0.989255667
-0.989255667
-0.989255667
-0.989255667
-0.989255667
-0.989255667
-0.989255667
-0.989255667
-0.988673031
-0.987762451
-0.6414211
-0.342900157
-0.315364718
-0.0832637846
-0.0278082471
-0.004962297
0
0
0
0
0
0
0
0
0
0
0
0
0
0
0
0
0
0
0
0
0
0
0
0
0
-0.0156599339
-0.0483562723
-0.104428224
-0.13281855
-0.162721008
-0.200153559
-0.4624254
-0.4934437
-0.52960664
-0.6094524
-0.6481053
-0.7162067
-0.745565534
-0.7699306
-0.7894805
-0.808436751
-0.7812362
-0.7334021
-0.6482605
-0.626384139
-0.6295119
-0.9933294
-0.993997455
-0.993851542
-0.9936395
-0.9936395
-0.993503034
-0.9930824
-0.717279136
-0.316299558
-0.280150354
-0.0228583664
-0.01230022
0
0
0
0
-0.344826251
-0.372114033
-0.6542231
-0.7006839
-0.9629539
-0.9874436
-0.9984969
-0.9985214
-0.996042669
-0.714712143
-0.689271033
-0.6123578
-0.5707965
-0.5228787
-0.4455721
-0.42102915
-0.421104729
-0.717591
-0.7512651
-0.8006315
-0.996245444
-0.996245444
-0.996245444
-0.996245444
-0.996245444
-0.996245444
-0.996245444
-0.996245444
-0.996245444
-0.996245444
-0.996245444
-0.996245444
-0.996245444
-0.996245444
-0.996245444
-0.996245444
-0.996245444
-0.996245444
-0.9961345
-0.9961345
-0.9961345
-0.9961345
-0.9961345
-0.9961345
-0.9961345
-0.9961345
-0.9961345
-0.9961345
-0.9961345
-0.9961345
-0.9961345
-0.9961345
-0.9961345
-0.9961345
-0.9961345
-0.9961345
-0.9961345
-0.9961345
-0.9961345
-0.9961345
-0.9961345
-0.9961345
-0.9961345
-0.9961345
-0.9961345
-0.9961345
-0.9961345
-0.9961345
-0.9961345
-0.9961345
-0.9961345
-0.9961345
-0.9961345
-0.9961345
-0.9961345
-0.9961345
-0.9961345
-0.9961345
-0.9961345
-0.9961345
-0.9961345
-0.9961345
-0.9961345
-0.9961345
-0.9961345
-0.9961345
-0.9961345
-0.9961345
-0.9961345
-0.9961345
-0.9961345
-0.9961345
-0.9961345
-0.9961345
-0.9961345
-0.9961345
-0.9961345
-0.9961345
-0.9961345
-0.9961345
-0.9961345
-0.9961345
-0.9961345
-0.9961345
-0.9961345
-0.9961345
-0.9961345
-0.9961345
-0.9961345
-0.9961345
-0.9961345
-0.9961345
-0.9961345
-0.9961345
-0.9961345
-0.9961345
-0.9961345
-0.9961345
-0.9961345
-0.9961345
-0.9961345
-0.9961345
-0.9961345
-0.9961345
-0.9961345
-0.9961345
-0.9961345
-0.9961345
-0.9961345
-0.9961345
-0.9961345
-0.9961345
-0.9961345
-0.9961345
-0.9961345
-0.9961345
-0.9961345
-0.9961345
-0.9961345
-0.9961345
-0.9961345
-0.9961345
-0.9961345
-0.9961345
-0.9961345
-0.9961345
-0.9961345
-0.9961345
-0.9961345
-0.9961345
-0.9961345
-0.9961345
-0.9961345
-0.9961345
-0.9961345
-0.9961345
-0.9961345
-0.9961345
-0.9961345
-0.9961345
-0.9961345
-0.9961345
-0.9961345
-0.9961345
-0.9961345
-0.9960946
-0.9960018
-0.9955862
-0.995389044
-0.995317
-0.99521
-0.995169163
-0.9951323
-0.975902557
-0.940476954
-0.630894
-0.198786572
-0.155060053
0
0
0
0
0
0
0
0
0
-0.223448753
-0.2697288
-0.555113554
-0.6098013
-0.891986251
-0.910152
-0.9991642
-0.9991316
-0.9991316
-0.9991316
-0.9991316
-0.999036431
-0.999036431
-0.999036431
-0.9990055
-0.9990055
-0.9990055
-0.9990055
-0.9990055
-0.9990055
-0.9990055
-0.9990055
-0.9989907
-0.998935938
-0.70375216
-0.266726047
-0.2270815
0
0
0
0
0
0
0
0
0
0
0
0
0
0
0
0
0
0
0
0
0
0
0
0
0
0
0
0
-0.477959424
-0.757166445
-0.783751
-0.83242
-0.81832397
-0.4780238
0
0
0
0
0
0
0
0
0
0
0
0.371471345
0.6789696
0.9891353
0.986986935
0.9822665
0.9804308
0.9789032
0.976609051
0.9757701
0.9750856
0.9740529
0.973665
0.9733542
0.972968459
0.972968459
0.972680867
0.972680867
0.972680867
0.972680867
0.9723178
0.9723178
0.9723178
0.9723178
0.9723178
0.9723178
0.9723178
0.9723178
0.9723178
0.972027361
0.972027361
0.972027361
0.972027361
0.972027361
0.972027361
0.972027361
0.972027361
0.972027361
0.972027361
0.972027361
0.972027361
0.972027361
0.972027361
0.972027361
0.972027361
0.972027361
0.972027361
0.972027361
0.972027361
0.972027361
0.972027361
0.972027361
0.972027361
0.972027361
0.972027361
0.972027361
0.972027361
0.972027361
0.972027361
0.972027361
0.972027361
0.972027361
0.972027361
0.972027361
0.972027361
0.972027361
0.972027361
0.972027361
0.972027361
0.972027361
0.972027361
0.972027361
0.972027361
0.972027361
0.972027361
0.972027361
0.972027361
0.972027361
0.972027361
0.972027361
0.972027361
0.972027361
0.972027361
0.972027361
0.972027361
0.972027361
0.972027361
0.972027361
0.972027361
0.972027361
0.972027361
0.972027361
0.972027361
0.972027361
0.972027361
0.972027361
0.972027361
0.972027361
0.972027361
0.972027361
0.972027361
0.972027361
0.972027361
0.972027361
0.972027361
0.972027361
0.972027361
0.972027361
0.972027361
0.972027361
0.972027361
0.972027361
0.972027361
0.972027361
0.972027361
0.972027361
0.972027361
0.972027361
0.972027361
0.972027361
0.972027361
0.972027361
0.9717985
0.971587062
0.971315444
0.970907032
0.9707556
0.9706434
0.970474
0.970474
0.9703639
0.9702942
0.9702942
0.9702942
0.9702942
0.9701848
0.9701848
0.970087469
0.970087469
0.9699678
0.9698512
0.9698512
0.9697596
0.9696694
0.9696694
0.96958077
0.96958077
0.969469249
0.969469249
0.9693946
0.9693946
0.9693946
0.9691162
0.9689756
0.968828142
0.9684387
0.9680797
0.96760726
0.9663575
0.965701342
0.9592681
0.9304065
0.9175693
0.9059443
0.8881746
0.880632162
0.8730159
0.8512334
0.8312747
0.807005763
0.759904
0.741100848
0.72561425
0.698424
0.6845465
0.6689639
0.616961956
0.5786131
0.531079769
0.238568366
0.2179581
0.196806535
0.139302135
0.0984317362
0.0588860959
0.00110870309
0
0
0
0
0
0
0
0
0
0
0
0
0
0
0
0
0
0
0
0
0
0
0
0
0
0
0
0
0
0.3418074
0.642207861
0.9004457
0.953779638
0.954738
0.954738
0.118642315
0.00676089851
0
0
0
0
0
0
0
0
0
0
0
0
0
0
0
0
0
0
0
0
0
0
-0.3077581
-0.6191484
-0.6318525
-0.65732193
-0.6516574
-0.6122028
-0.205509812
0
0
0
0
0
0
0
0
0
0
0
0
0
0
0
0
0
0
0
0
0
0
0
0
0
0
0
0
0
0
0
0
0
0
0
0
0
0
0
0
0
0
0
0
0
0
0
0
0
0
0
0
0
0
0
0
0
0
0
0
0
0
0
0
-0.265630364
-0.5745475
-0.5779135
-0.5801764
-0.309360445
-0.267843932
0
0
0
0
0
0
0
0
0
0
0
0
0
0
0
0
0
0
0
0
0
0
0
0
0
0
0
0
0
0
0
0
0
0
0
0
0
0
0
0
0
0
0
0
0
0
0
0
0
0
0
0
0
0
0
0
0
0
0
0
-0.184796527
-0.473740131
-0.50259167
-0.5510888
-0.853341758
-0.8663408
-0.8765141
-0.8303846
-0.4730314
-0.435856
-0.174681157
-0.145962983
-0.10277
-0.0252857823
0
0
0
0
0
0
0
0
0
-0.195237949
-0.24221696
-0.6473513
-0.6948689
-0.9741325
-0.9917685
-0.990926266
-0.9896409
-0.989141941
-0.988734543
-0.9881562
-0.987935662
-0.987624764
-0.8262961
-0.1397267
0.00144302
0
0
0
0
0
0
0
0
0
0
0
0
0
0
0
0
0
0
0
0
0
0
0
0
0
0
0
0
0
0
0
0
0
0
0
0
0
0
0
0
0
0
0
0
0
0
0
0
0
0
0
0
0
0
0
0
0
0
0
0
0
0
0
0
0
0
0
0
0
0
0
0
0
0
0
0
-0.0333433151
-0.06545831
-0.103749931
-0.171665311
-0.200387329
-0.225976959
-0.27025786
-0.2950834
-0.319986731
-0.3582946
-0.3740771
-0.3884879
-0.411094964
-0.419634551
-0.426470071
-0.436725318
-0.440156549
-0.44332093
-0.4481247
-0.4499166
-0.4499166
-0.4540342
-0.4540342
-0.4540342
-0.456703
-0.456703
-0.457885
-0.457885
-0.457885
-0.457885
-0.460591942
-0.460591942
-0.460591942
-0.460591942
-0.460591942
-0.461659551
-0.461659551
-0.461659551
-0.461659551
-0.465129077
-0.4664254
-0.4664254
-0.469551861
-0.470390648
-0.470390648
-0.470390648
-0.470390648
-0.470390648
-0.470390648
-0.470390648
-0.470390648
-0.473288417
-0.473288417
-0.473288417
-0.473288417
-0.473288417
-0.473288417
-0.473288417
-0.473288417
-0.473288417
-0.473288417
-0.473288417
-0.473288417
-0.473288417
-0.473288417
-0.473288417
-0.473288417
-0.473288417
-0.473288417
-0.473288417
-0.473288417
-0.473288417
-0.4733217
-0.4733217
-0.4733217
-0.4733217
-0.4733217
-0.4733217
-0.441222847
-0.407031447
-0.147483975
-0.0718602538
-0.03250444
0
0
0
0
0
0
0
0
0
0
0
0
0
0
0
0
0
0
0
0
0
0
0
0
0
0
0
0
0
0
0
0
0
0
0.034753494
0.07544535
0.3435904
0.642458856
0.678648949
0.71816504
0.7502378
0.7918835
0.765692234
0.422988981
0
0
0
0
0
0
0
0
0
0
0
0
0
0
0
0
0.40083614
0.78702873
0.8158224
0.839326
0.8695513
0.8632689
0.817616463
0.00291452161
0
0
0
0
0
0
0
0
0
0
0
0
0
0
0
0
0
0
0
0
0
0
0
0
0
-0.321071148
-0.6337036
-0.6566831
-0.6882325
-0.761023343
-0.797652662
-0.832367
-0.887589455
-0.907670438
-0.923728943
-0.9459933
-0.944087148
-0.9025329
-0.2199709
-0.1723198
0
0
0
0
0
0
0
0
0
0
0
0
0
0
0
0
0
0
0
-0.247012988
-0.2902725
-0.338848025
-0.6320339
-0.6609493
-0.6956845
-0.7874678
-0.8358652
-0.998402953
-0.9983222
-0.9982186
-0.9982186
-0.9981304
-0.9981304
-0.9981304
-0.9981304
-0.998038232
-0.998038232
-0.998038232
-0.998038232
-0.998038232
-0.998038232
-0.998038232
-0.998038232
-0.998038232
-0.998038232
-0.998038232
-0.998038232
-0.9971232
-0.4881499
-0.167792737
0
0
0
0
0
0
0
0
0
0
0
0
0
0
0
0
0
0
0
0
0
0
0
0
0
0
0
0
0
0
0
0
0
0
0
0
0
0
0
0
0
0
0
0
0
0
0
0
0
-0.0063504884
-0.0577120148
-0.08340916
-0.112012289
-0.199203625
-0.472964644
-0.483363837
-0.5312551
-0.5597283
-0.5883188
-0.640329659
-0.6590099
-0.673758268
-0.694696665
-0.7007202
-0.7019782
-0.6753688
-0.6358011
-0.334751755
0
0
0
0
0
0
0
0
0
0
0
0
0
0
0
0
0
0
0
0
0
0
0
0
0
0
0
0
0
0
0
0
0
0
0
0
0
0
0
-0.0471925028
-0.07661658
-0.114325725
-0.462051719
-0.474943548
-0.4981174
-0.5332304
-0.5386038
-0.517318666
-0.1535762
0
0
0
0
0
0
0
0
0
0
0
0
0
0
0
0
0.7742479
0.965796947
0.961428046
0.9580493
0.9543002
0.953299344
0.9524925
0.9513318
0.9500819
0.514541268
0
0
0
0
0
0
0
0
0
0
0
0
0
0
0
0
0
0
0
0
0.366553575
0.996693
0.9936225
0.9904945
0.98516196
0.982769668
0.7656614
0.003458956
0
0
0
0
0
0
0
0
0
0
0
0
0
0
0
0
0
0
0
0
0
0
0
-0.274998963
-0.308300376
-0.355520934
-0.6383111
-0.6651347
-0.7214523
-0.7435056
-0.761357665
-0.775433362
-0.7885242
-0.7558778
-0.4547843
-0.142245531
-0.109974749
-0.06815483
-0.004294254
0
0
0
0
0
0
0
0
0
0
0
0
0
0
0
0
0
0
-0.0101549374
-0.273414463
-0.339468032
-0.3891468
-0.430892527
-0.485287577
-0.4739563
-0.217607886
-0.150786862
0
0
0
0
0
0
0
0
0
0
0
0
0
0
0
0
0
0
0
0
0
0
0
0
0
0
0
0
0
0
0
0
0
0
0
0
0
0
0
0
0
0
0
0
0
0
0
0
0
0
0
0
0
0
0
0
-0.209223
-0.222706124
-0.233927011
-0.25268507
-0.2673019
-0.292945147
-0.3613148
-0.407057315
-0.449382573
-0.5192175
-0.544484556
-0.5649134
-0.557456553
-0.5129007
-0.18989712
0
0
0
0
0
-0.2967594
-0.67494154
-0.976854265
-0.9953782
-0.99485296
-0.9944443
-0.9941058
-0.9936021
-0.9934377
-0.9934377
-0.9932505
-0.9932505
-0.9932505
-0.9933995
-0.9934316
-0.9618887
-0.6677315
-0.633447468
-0.5957516
-0.287547827
-0.242058724
0
0
0
0
0
0
0
0
0
0
0
0
0
0
0
0
0
0
0
0
0
0
0
0
0
0
0
0
0
0
0
0
0
0
0
0
0
0
0.0394251831
0.087507844
0.175353482
0.220760837
0.501220763
0.571103036
0.870200157
0.911504447
0.9341217
0.952218056
0.966255
0.986843348
0.993261635
0.993053
0.9896293
0.947528064
0.542187
0.08172431
0.05411218
0.0233819578
0
0
0
0
0
0
0
0
0
0
0
0
0
0
0
0
0
0
0
0
0
0
0
0
0
0
0
0
0
0
0
0
0.211925447
0.874738634
0.9186277
0.995905161
0.74787277
0.261730224
0
0
0
0
0
0
0
0
0
0
0
0
0
0
0
0
0
0
0
0
0
0
0
0
0
-0.221153945
-0.47324267
-0.5014336
-0.79930234
-0.8055815
-0.824482
-0.870928
-0.8893209
-0.9038128
-0.89632076
-0.8642685
-0.4740897
-0.431236446
0
0
0
0
0
0
0
0
0
0
0
0
0
0
0
0
0
0
0
0
0
0
0
0
0
0
0
0
0
0
0
0
0
0
0
0
0
0
0
0
0
0
0
0
0
0
0
0.202052459
0.237010479
0.6725408
0.9560395
0.954756141
0.953717351
0.952340543
0.9518669
0.951493442
0.9508627
0.95064044
0.95064044
0.95064044
0.95064044
0.95064044
0.950005651
0.950005651
0.950005651
0.950005651
0.950005651
0.950005651
0.950005651
0.950005651
0.949816346
0.949816346
0.949816346
0.949816346
0.949816346
0.9495144
0.9489635
0.9454793
0.94177115
0.690681159
0.6276826
0.3637155
0.327766061
0
0
0
0
0
0
0
0
0
0
0
0
0
0
0
0
0
0
0
0
0
0
0
0
0
0
0
0
0
0
0
0
0
0.194843069
0.238700733
0.6941531
0.779413939
0.812638938
0.4263624
0.0007923349
0
0
0
0
0
0
0
0
0
0
0
0
0
0
0
0
0
0
0
0
0
0
0
0
0
0
0
0
0
0
0
0
0
0
0
0
0
0
0
0
0
0
0
0
0
0
0
-0.217511192
-0.238537386
-0.2776616
-0.592875
-0.5988682
-0.613026
-0.6485889
-0.6650678
-0.678236365
-0.6972003
-0.694377542
-0.671884
-0.3598853
-0.3112194
0
0
0
0
0
0
0
0
0
0
0
0
0
0
0
0
0
0
0
0
0
0
0
0
0
0
0
0
0
0
0
0
0
0
0
0
0
0
0
0
0
0
0
0
0.192674145
0.8411545
0.8814521
0.964374959
0.9619157
0.959595
0.958920658
0.9578967
0.957502
0.957502
0.9569762
0.9565943
0.9565943
0.9565943
0.9565943
0.9565943
0.9565943
0.9561948
0.9561948
0.9561948
0.9561948
0.9561948
0.95587045
0.952984452
0.9502837
0.947632432
0.9427696
0.910999
0.8650344
0.49736315
0.112860322
0.006926467
0
0
0
0
0
0
0
0
0
0
0
0
