416418128
0
0
0
0
0
0
0
0
0
0
0
0
0
0
0
0
0
0
0
0
0
0
0
0
0
0
0
0
0
0
0
0
0
0
0
0
0
0
0
0
0
0
0
0
0.2507019
0.3179488
0.5826454
0.593066156
0.602795541
0.6191846
0.6254997
0.635052443
0.636606336
0.636606336
0.3369527
0
0
0
0
0
0
0
0
0
0
0
0
0
0
0
0
0
0
0
0
0
0
0
0
0
0
0
0
0
0
0
0
-0.5482687
-0.590180933
-0.9593987
-0.9542088
-0.9542088
-0.9542088
-0.9542088
-0.951117
-0.5634093
-0.120138288
-0.04093292
-0.010280801
0
0
0
0
0
0
0
0
0
0
0
0
0
0
0
0
-0.147277147
-0.1757034
-0.486902654
-0.750750065
-0.780264735
-0.997005641
-0.9956945
-0.9942585
-0.9915792
-0.990069568
-0.7600049
-0.4480195
-0.1907851
-0.161820412
-0.08274702
-0.04969939
-0.0225976855
0
0
0
0
0
0
0
0
0
0
0
0
0
0
0
0
0
0
-0.7618019
-0.9675715
-0.9662092
-0.963908255
-0.96307385
-0.962400734
-0.9613427
-0.9609614
-0.9609614
-0.9584154
-0.6467365
-0.349590242
-0.0823301151
-0.0546684824
-0.03128839
-0.01138437
0
0
0
0
0
0
0
0
0
-0.18957755
-0.492574036
-0.950520635
-0.95004
-0.949600756
-0.949203432
-0.948622465
-0.948622465
-0.9482484
-0.9482484
-0.9477158
-0.9477158
-0.9473304
-0.9473304
-0.9473304
-0.9473304
-0.9467385
-0.943154
-0.345443428
-0.09570465
0
0
0
0
0
0
0
0
0
0
0
0
0
0
0
0
0
0
0
0
0
0
0
0
0
0
0
0
0
0
0
0
0
0
0
0
0
0
0
0
0
0
0
0
0
0
0
0
0
0
0
0
0
0
0
0.0226441473
0.06940232
0.149939433
0.181877121
0.207458928
0.2446257
0.2570439
0.2597267
0.182018071
0.133764789
0.09337066
0.0310356487
0.007956822
0
0
0
0
0
0
0
0
0
0
0
0
0
0
0.319914818
0.6439184
0.930136561
0.9553566
0.9993906
0.999318361
0.99927026
0.99927026
0.99927026
0.832212448
0.494663239
0.201050743
0
0
0
0
0
0
0
0
0
0
0
0
0
0
0
0
0
0
0
0
0
0
0
0
0
0
0
0
0
0
0
0
0
0
0
0
0
0
0
0
0
0
0
0
0
0
0
0
0
0
0
0
0
0
0
0
0
0
0
0
0
0
0
0
0
0
0
0
0
0
0
0
0
0
0
0
0
0
0
0
0
0
0
0
0
0
0
0
0
0
0
0
0
0
0
0
0
0
0
0
0
0
0
0
0
0
0
0
0
0
0.3212606
0.33525008
0.346419454
0.360745162
0.351439744
0
0
0
0
0
0
0
0
0
0
0
0
0
0
0
0
0
0
0
0
0
0
0
0
0
0
0
0
0
0
0
0
0
0
0
0
0
0
0
0
-0.164890274
-0.188824385
-0.234629482
-0.507876039
-0.5237619
-0.536530733
-0.4899551
-0.1472121
-0.100899428
-0.0308938958
-0.004333752
0
0
0
0
0
0
0
0
0
0
0
0
0
0
0
0
0
0
0
0
0
0
0
-0.05153514
-0.07870759
-0.118853293
-0.118853293
-0.144749328
-0.161159754
-0.166573942
-0.170288712
-0.170384467
-0.170472115
-0.161818892
-0.160037354
-0.160106465
-0.160106465
-0.20750992
-0.4656602
-0.489475548
-0.5475285
-0.5751023
-0.5973838
-0.57626003
-0.110396534
-0.06501346
0
0
0
0
0
0
0
0
0
0
0
0
0
0
0
0
0
0
0.214919776
0.244224414
0.496774137
0.5520813
0.584515
0.612285733
0.6518023
0.661986649
0.6286115
0
0
0
0
0
0
0
0
0
0
0
0
0
0
0
0
0
0
0.254799515
0.549365342
0.575257957
0.609051168
0.661236465
0.6799029
0.6937188
0.371257871
0.06284835
0.0363470241
0.0264862776
0.0187553335
0.0057434435
0.0002187525
0
0
0
0
0
0
0
0
0
0
0
0
0
0.0009169949
0.341184229
0.375872731
0.7356995
0.776464462
0.810894847
0.8602209
0.867220938
0.8274855
0
0
0
0
0
0
0
0
0
0
0
0
0
0
0
0
0
0
0
0
0
0
0
0
0
0
0
0
0
0
0
0
0
0
0
0
0
0
0
0
0
0
0
0
0
0
0
0
0
0
0
0
0
0
0
0
0
0
0
0
0
0
0
0
0
0
0
0
0
0
0
0
0
0
0
0
0
0
0
0
0
0
0
0
0
0
0
0
0
0
0
0
0
0
0
0
0
0
0
0
0
0
0
0
0
0
0
0
0
0
0
0
0
0
0
0
0
0
0
0
0
0
0
0
0
0
0
0
0
0
0
0
0
0
0
0
0
0
0
0
0
0
0
0
0
0
0
0
0
0
0
0
0
0
0
0
0
0
0
0
0
0
0
0
0
0
0
0
0
0
0
0
0
0
0
0
0
0
0
0
0
0
0
0
0
0
0
0
0
0
0
0
0
0
0
0
0
0
0
0
0
0
0
0
0
0
0
0
0
0
0
0
0
0
0
0
0
0
0
0
0
0
0
0
0
0
0
0
0
0
0
0
0
0.00801566
0.2894426
0.332775384
0.643071353
0.7096948
0.9660239
0.9847358
0.9943997
0.9939942
0.9936599
0.993106544
0.9927748
0.8063358
0.025476573
0.0108993771
0
0
0
0
0
0
0
0
0
0
0
0
0
0
0
0.27056843
0.551920533
0.9988752
0.9980856
0.996581256
0.9959461
0.9953981
0.7827225
0.287588954
0
0
0
0
0
0
0
0
0
0
0
0
0
0
0
0
0
0
0
0
0
0
0
0
0
0.3373985
0.3724208
0.401380718
0.443316936
0.458079129
0.4699041
0
0
0
0
0
0
0
0
0
0
0
0
0
0
0
0
0
0
0
0
0.24495025
0.884183049
0.999734342
0.999486446
0.998973966
0.998749137
0.9985532
0.9982565
0.998150766
0.998019159
0
0
0
0
0
0
0
0
0
0
0
0
0
0
0
0
0
0
0
0
0
0
0
0
0
0
0
0
0
0
0
0.335716844
0.840258539
0.9657231
0.9657231
0.9657231
0.9667144
0.9716197
-0.11078205
-0.0619377866
0
0
0
0
0
0
0
0
0
0
0
0
0
0
0
0
0
0
0
0
0
0
0
0
0
0
0
0
0
0
0
-0.284174323
-0.3555646
-0.3848592
-0.40800342
0
0
0
0.9151834
0.999342859
0.9995407
0.999678254
0.999842048
0.999887466
0.9999268
1
0.999961257
0.9998615
0.9995154
0.999299049
0.9988519
0.998645
0.998477042
0.9982167
0.9981192
0.9981192
0.9979107
0.9979107
0.9979107
0.997773
0.997773
0.997718
0.997718
0.997718
0.997718
0.997718
0.997718
0.997718
0.997718
0.997718
0.997718
0.997718
0.99757
0.99757
0.99757
0.9974847
0.9974847
0.9971424
0.996877551
0.9965737
0.9957533
0.995187163
0.994605243
0.9940205
0.992943347
0.9924574
0.9916334
0.9912971
0.9909786
0.990440845
0.9901916
0.989918053
0.9892208
0.9888326
0.98838824
0.9879495
0.98714906
0.9867806
0.986113131
0.985830843
0.985545933
0.9849733
0.984654665
0.9843382
0.98376
0.983467162
0.9832312
0.9827056
0.982272
0.9817664
0.980724335
0.9802862
0.9799313
0.9793255
0.9793255
0.978807449
0.9785734
0.978174567
0.9779618
0.9779618
0.977447152
0.9772374
0.9772374
0.9765841
0.9765841
0.9765841
0.975840032
0.975840032
0.9754513
0.9751693
0.9751693
0.9751693
0.97480166
0.97480166
0.97480166
0.974490345
0.974490345
0.974490345
0.974490345
0.974490345
0.974490345
0.974490345
0.974490345
0.974164248
0.974164248
0.974164248
0.974164248
0.974164248
0.974164248
0.974164248
0.974164248
0.974164248
0.974164248
0.974164248
0.974164248
0.974164248
0.974164248
0.974164248
0.974164248
0.974164248
0.974164248
0.974164248
0.974164248
0.974164248
0.974164248
0.974164248
0.974164248
0.974164248
0.974164248
0.974164248
0.974164248
0.974164248
0.974164248
0.9738626
0.9738626
0.9738626
0.9738626
0.9738626
0.9738626
0.9738626
0.9738626
0.9738626
0.9738626
0.9738626
0.9738626
0.9738626
0.9738626
0.9738626
0.973499954
0.973499954
0.973499954
0.973181546
0.973181546
0.973181546
0.973181546
0.972814739
0.972814739
0.972814739
0.972814739
0.9725333
0.9725333
0.9725333
0.9725333
0.9725333
0.9720951
0.971864641
0.971864641
0.9713945
0.9713945
0.971065462
0.9707209
0.9707209
0.970388532
0.9700266
0.9700266
0.9696838
0.9696838
0.9693182
0.9693182
0.9693182
0.9693182
0.9693182
0.96900034
0.96900034
0.96900034
0.96900034
0.96900034
0.96900034
0.96900034
0.96900034
0.9668094
0.399160177
0.0104440991
0
0
0
0
0
0
0
0
0
0
0
0
0
0
0.209576935
0.683702052
0.943097234
0.9844267
0.974288344
0.9701312
0.9666121
0.9613505
0.961298943
0.6967655
0.05905949
0.04459421
0.0307965763
0.007955078
0
0
0
0
0
0
0
0
0
0
0
0
0
0
0
0.178572521
0.518325269
0.9543252
0.9497646
0.9457959
0.939793
0.937493265
0.9356356
0.9329193
0.9319991
0.9312097
0.929658532
0.924954355
0.553576946
0.233139262
0.148163274
0.103320017
0.03859953
0.0168917719
0.000925582135
0
0
0
0
0
0
0
0
0
0
0
0
0.737313032
0.9985548
0.998580933
0.998580933
0.998238444
0.9982003
0.9981806
0.9980341
0.5169196
0.127286062
0
0
0
0
0
0
0
0
0
0
0
0
0
0
0
0
0
0
0
0
0
0
0
0
0
0
0
0
0
-0.202710643
-0.24301064
-0.2849742
-0.346522242
-0.30516234
0
0
0
0
0
0
0
0
0
0
0
0
0
0
0
0
0
0
0
0
0
0
0
0
0
0
0
0
0
0
0
0
0
0
0
0
0
0
0
0
0
0
0
-0.00187813293
-0.04831565
-0.308931559
-0.3378626
-0.35096392
-0.361477166
-0.368806183
-0.3253982
0
0
0
0
0
0
0
0
0
0
0
0
0
0
0
0
0
0
0
0
0
0
0
0
-0.271061271
-0.62053
-0.6563669
-0.9691545
-0.999008238
-0.998477042
-0.9979595
-0.9970686
-0.9967077
-0.9963909
-0.995937943
-0.9957533
-0.995601535
-0.995478868
-0.995301962
-0.995301962
-0.661686063
-0.257077962
0
0
0
0
0
0
0
-0.1612505
-0.447073
-0.489225954
-0.99956435
-0.9988708
-0.9980743
-0.9965436
-0.99588877
-0.99534
-0.9946614
-0.9946614
-0.9960031
-0.9980987
-0.9991278
-0.999841
-0.9994344
-0.9985582
-0.997546732
-0.995627046
-0.995038
-0.995943367
-0.9991904
-0.999781668
-0.999990046
-0.982013345
-0.999374568
-0.998795867
-0.9976913
-0.997294
-0.996982038
-0.9966485
-0.9966485
-0.9966485
-0.9973693
-0.997728169
-0.9980837
-0.999213338
-0.999830365
-0.999979734
-0.9989932
-0.9982583
-0.99752754
-0.996253252
-0.996253252
-0.9985598
-0.7008802
-0.156215414
0.0320316255
0.03830961
0.0474988
0.0575658344
0.0931517
0.3169725
0.323074877
0.332725555
0.33522588
0.305866271
0
0
0
0
0
-0.270599484
-0.7031669
-0.999947131
-0.9999902
-0.9999927
-0.999977946
-0.9999604
-0.99992156
-0.9998479
-0.9995389
-0.9979826
-0.9968464
-0.9954673
-0.9909223
-0.9878941
-0.984860539
-0.9791534
-0.9768588
-0.9749825
-0.9770578
-0.577919543
0
0
0
0
0
0
0
0
0
0
0
0
0
0
0
0
0
0
0
-0.5625714
-0.606514454
-0.981520951
-0.999572456
-0.999246836
-0.9989195
-0.998329341
-0.998109937
-0.9980134
-0.9980134
-0.998518765
-0.999027
-0.999951243
-0.999951
-0.9996326
-0.9986307
-0.9981286
-0.9981286
-0.9629305
0.03923314
0
0
0
0
0
0
0
0
0
0
0
0
0
0
0
-0.2469158
-0.5757087
-0.6111902
-0.999986053
-0.9996593
-0.9994313
-0.9992073
-0.998819649
-0.998664
-0.998531938
-0.9984314
-0.999314368
-0.999873
-0.999617934
-0.998955
-0.998242
-0.9967884
-0.996169031
-0.9954652
-0.00446350873
0
0
0
0
0
0
0
0
0.3649006
0.885347068
0.8902661
0.889974654
0.8906822
0.892183363
0.8957188
0.9006479
0.9047328
0.915812552
0.9251347
0.9289306
0.933015
0.940069139
0.9429226
0.9452185
0.948509455
0.9496354
0.9513829
0.952256143
0.9530898
0.954598844
0.9557036
0.9580092
0.9668237
0.971646965
0.975412965
0.980442345
0.9821171
0.9834404
0.9855057
0.9866019
0.987559259
0.989203155
0.9900448
0.9911981
0.993844867
0.9949686
0.9958502
0.9971493
0.9977507
0.9983625
0.9992956
0.9995671
0.9997447
0.9999212
0.9999604
0.9999831
0.9999994
0.999999642
0.999997
0.999992251
0.999981642
0.999981642
0.999971032
0.9999312
0.9998387
0.998595536
0.9967519
0.99314183
0.9445227
0.9394149
0.930707455
0.907381356
0.894251
0.8797268
0.8361636
0.570023
0.327714682
0.06338409
-0.2741987
-0.52078265
-0.6803115
-0.7042561
-0.732782
-0.874874
-0.909358263
-0.9189694
-0.9407299
-0.951178551
-0.959143341
-0.969219446
-0.968695343
-0.5864227
0.191940829
0.231546387
0.518786967
0.513006866
0.107588708
0.07255771
-0.2776621
-0.6513669
-0.694816232
-0.7246125
-0.728342
-0.7274368
-0.7233072
-0.7262003
-0.739319563
-0.75998795
-0.8847715
-0.8935952
-0.9177573
-0.921568453
-0.6674226
-0.008346906
-0.007103636
-0.017028546
-0.846158743
-0.886302352
-0.8857023
-0.885790944
-0.8861713
-0.886601269
-0.8873265
-0.8869515
-0.877744436
0.08196984
0.11832203
0.4802014
0.5555866
0.864591241
0.857003
0.846300244
0.8431236
0.847197652
0.87292695
0.898104846
0.907684743
0.9279729
0.939691663
0.9510677
0.9680885
0.97391516
0.978235245
0.9838288
0.9853748
0.9858358
0.3549064
0
0
0
0
0
0
0
0
0
0
0
0
-0.252885342
-0.663552165
-0.973869145
-0.973869145
-0.973095059
-0.9708037
-0.96938163
-0.9680168
-0.966831
-0.9643063
-0.226867184
0
0
0
0
0
0
0
0
0
0
0
0
0
0
0
0
0
0
0
0
0
0
-0.366851717
-0.668118656
-0.9977221
-0.99561286
-0.9930889
-0.988064468
-0.9858607
-0.9839714
-0.9811637
-0.9804192
-0.9799488
-0.979319632
-0.979319632
-0.978909135
-0.9739742
-0.9651297
-0.131932884
0
0
0
0
0
0
0
0
0
0
0
0
0
0
0
0
0
0
0
0
0
0
0
0
0
0
0
0
0
0
0
0
0
0
0
0
0
0
0
0
0
0
0
0
0
0
0
0
0
0
0
0
0
0
0
0
0
0
0
0
0
0
0
0
0
0
0
0
0
0
0
0
0
0
0
0
0
0
0
0
0
0
0
0
0
0
0
0
0
0
0
0
0
0
0
0
0
0
0
0
0
0
0
0
0
0
0
0
0
0
0.185994282
0.239921317
0.27095744
0.298834115
0.340272665
0.355006635
0.366783947
0.383928478
0.389685
0.391202956
0.005326322
0
0
0
0
0
0
0
0
0
0
0
0
0
0
0
0
0.263576448
0.8651041
0.905381143
0.9999964
0.9999988
0.999994755
0.9999896
0.999988854
0
0
0
0
0
0
0
0
0
0
0
0
0
0
0
0
0
0
0
0
0.22725071
0.640442669
0.6579155
0.6954631
0.708840847
0.7101355
0.06252
0.0268947836
0
0
0
0
0
0
0
0
0
0
0
0
0
0
0
0
0
0
0
0.3199652
0.63354826
0.681918263
0.999970436
0.9999705
0.9995263
0
0
0
0
0
0
0
0
0
0
0
0
0
0
0
0
0
0
0
0
0
0
0
0
0
0
0
0
0
0
0
0
0
0
0
0
0
0
0
0
0
0
0
0
0
0
0
0
0
0
0
0
0
0
0
0
0
0
0
0
0
0
0
0
0
0
0
0
0
0
0
0
0
0
0
0
0
0
0
0
0
0
0
0
0
0
0
0
0
0
0
0
0
0
0
0
-0.18339853
-0.201184824
-0.232205018
-0.5900288
-0.5933083
-0.59589237
-0.5975596
-0.159887761
0
0
0
0
0
0
0
0
0
0
0
0
0
0
0
0
0
0
0
0
0
0
0
0
0
0
0
0
-0.0425732769
-0.0640567
-0.08138733
-0.106823072
-0.116199076
-0.123936005
-0.0982076
-0.058350075
-0.0255984515
0
0
0
0
0
0
0
0
0
0
0
0
0
0
0
0
0
0
-0.261891454
-0.6279409
-0.6554549
-0.7032044
-0.3939272
0
0
0
0
0
0
0
0
0
0
0
0
0
0
0
0
0
0
0
0
0
0
-0.5676655
-0.9683214
-0.9978174
-0.9982672
-0.998616338
-0.9991804
-0.9999652
-0.999352753
-0.9979472
0
0
0
0
0
0
0
0
0
0
0
0
0
0
0
0
0
0
0
0
0
0
0
0
-0.214225918
-0.8731583
-0.9463358
-0.9457428
-0.945271969
-0.945271969
-0.948952258
-0.9530645
-0.5613958
0
0
0
0
0
0
0
0
0
0
0
0
0
0
0
0
0
0
0
-0.611751258
-0.998541832
-0.998240232
-0.998240232
-0.998240232
-0.9991047
-0.7650859
0
0
0
0
0
0
0
0
0
0
0
0
0
0
0
0
0
0
0
0
0
0
0
0
0
-0.1622555
-0.166858628
0
0
0
0
0
0
0
0
0
0
0
0
0
0
0
0
0
0
0
0
0
0
0
0
0
0
0
0
0
0
0
0
0.00728452764
0.0397352427
0.0237147287
0
0
0
0
0
0
0
0
0
0
0
-0.233684853
-0.2701454
-0.316189319
-0.6017971
-0.6018332
-0.6018762
-0.554837
0
0
0
0
0
0
0
0
0
0
0
0
0
0
0
0
0
-0.439119279
-0.472458243
-0.7875251
-0.9979303
-0.996606231
-0.9952844
-0.9919482
-0.9900658
-0.9878025
-0.098944
-0.06455286
-0.03695261
0
0
0
0
0
0
0
0
0
0
0
0
0
0
0
-0.282684267
-0.6031144
-0.6418352
-0.9991588
-0.9999639
-0.9999914
-0.999385238
-0.9986953
-0.9979479
-0.434826374
-0.0225132853
0
0
0
0
0
0
0
0
0
0
0
0
0
0
0
0
-0.269786268
-0.561255038
-0.6080326
-0.9990095
-0.999291062
-0.9995154
-0.9998847
-0.9999857
-0.9999924
-0.9998407
-0.6424771
-0.3249019
-0.0178087074
0
0
0
0
0
0
0
0
0
0
0
0
0
0
0
0
0
0
0
0
0
0
0
0
0
0
0
0
0
0
0.170897484
0.7084712
0.9732015
0.972754538
0.97475636
0.9799137
0.9816824
0.9830425
0.9849119
0.985551
0.579830766
0.0242100582
0
0
0
0
0
0
0
0
0
0
0
0
0
0
0
0
0
0
0
0
0
0
0
0
0
0
-0.268162221
-0.5806441
-0.944407642
-0.9984297
-0.996725
-0.994520366
-0.9918031
-0.986387849
-0.9841239
-0.9823877
-0.981327951
-0.981327951
-0.9809816
-0.9809816
-0.844637
-0.00526446849
0
0
0
0
0
0
0
0
0
0
0
0
0
0
0
0
0
0
0
0
0
0
0
0
0
0
0
0
0
0
0
0.374249816
0.680349946
0.99996233
0.999995
0.9997106
0.997988462
0.996951342
0.9949936
0.6098
0.01792955
0
0
0
0
0
0
0
0
0
0
0
0
0
0
0
0
0
0
0
0
0
0
-0.216089576
-0.251959532
-0.2676682
0
0
0
0
0
0
0
0
0
0
0
0
0
0
0
0
0
0
0
0
0
0
0.321309179
0.394224674
0.435453415
0.468423367
0.49859646
0.449355155
0
0
0
0
0
0
0
0
0
0
0
0
0
0
0
0
0
0
0
0
0
0
0
0
0
0
0
0
0
0
0
0
0
0
0
0
0
0
0
0
0
0
0
0.506910741
0.9631652
0.9676356
0.965996
0.9659665
0.9659665
0.9676356
0.970610261
0.9721086
0.9742361
0.9749245
0.975502431
0.9759605
0.9766154
0.9766154
0.977033
0.9772993
0.9772993
0.975841045
0.649721
0.280400634
0
0
0
0
0
0
0
0
0
0
0
0
0
0
0
0
0
0
0
0
0
0
0
0
-0.360503435
-0.688940167
-0.9973162
-0.993918061
-0.9924205
-0.9911306
-0.98946
-0.9892819
-0.9892819
-0.9930607
-0.995683432
-0.998161852
-0.999981046
-0.9994406
-0.998265445
-0.996515751
-0.9914778
-0.9887658
-0.984192
-0.9823877
-0.9808503
-0.9853849
-0.9961026
-0.9931874
0.000784352131
0.000942810148
0
0
0
0
0
0
0
0
0
0
0
0
0
0
0
0
0
0
0
0
0
0
0.0471883565
0.0644925162
0.06037257
0.03424209
0
0
0
0
0
0
0
0
0
0
0
-0.186789945
-0.47175613
-0.789728
-0.999992132
-0.9999914
-0.999940157
-0.9998629
-0.999688148
-0.999613345
-0.4421704
-0.0396317169
-0.010537236
0
0
0
0
0
0
0
0
0
0
0
0
0
0
0
0
0
0
0
0
-0.269268185
-0.596116841
-0.9994436
-0.99967587
-0.9998109
-0.9998542
-0.9998847
-0.9999068
-0.829716
-0.264969438
0
0
0
0
0
0
0
0
0
0
0
0
0
0
0
0
0
0
0
0
0
0
0
0
0.642727435
0.9273185
0.999097
0.997978866
0.997469544
0.9970337
0.9962269
0.583672166
0.101462208
0.0332521237
0.008574891
0
0
0
0
0
0
0
-0.297897726
-0.6079452
-0.9977062
-0.9974349
-0.996941864
-0.9967884
-0.9966634
-0.996505737
-0.996505737
-0.996398568
-0.995924354
-0.995409667
-0.9949261
-0.9940633
-0.9936767
0
0
0
0
0
0
0
0
-0.152479932
-0.4905879
-0.9966832
-0.995781064
-0.9942973
-0.9937173
-0.993233
-0.992508948
-0.9922422
-0.992024064
-0.9915599
-0.73421663
-0.702993155
-0.6075874
-0.305629671
-0.2772431
0
0
0
0
0
0
0
0
0
0
0
0
0
0
0.268485367
0.8545008
0.89436233
0.995369
0.988837
0.985855758
0.9835686
-0.07206125
-0.0311087035
0
0
0
0
0
0
0
0
0
0
0
0
0
0
0
0
0
0
0
0
0
0
-0.12964122
-0.174239382
-0.602718949
-0.6353758
-0.919586957
-0.9443228
-0.9799105
-0.9916692
-0.997572064
-0.9975995
-0.9974904
-0.997498453
-0.99750936
-0.99750936
-0.9975152
-0.9644128
-0.9303493
-0.903355837
-0.9957866
-0.995207846
-0.9944348
-0.9930924
-0.9925528
-0.9920846
-0.991391659
-0.9911385
-0.990930259
-0.99063
-0.9905233
-0.9905233
-0.9905233
-0.9905233
-0.990225
-0.990225
-0.990225
-0.990225
-0.9901204
-0.9901204
-0.991062641
-0.9921748
-0.9949109
-0.9961132
-0.9982095
-0.998960137
-0.999522
-0.9999963
-0.999912143
-0.9995333
-0.9979498
-0.996889532
-0.9957282
-0.993138254
-0.9918184
-0.990449131
-0.985855758
-0.9816488
-0.974411
-0.247001782
-0.0166891012
-0.00827058
0.00318237557
0.00547454227
0.003923686
0
0
0
0
0
0
0
0
0
-0.568802953
-0.895902753
-0.998681247
-0.997668445
-0.9972289
-0.9968368
-0.996118546
-0.9955902
-0.994938254
-0.9934962
-0.9927241
-0.9919254
-0.990449131
-0.9898033
-0.9892208
-0.988261044
-0.987834
-0.987489045
-0.986857533
-0.986534
-0.986534
0.000101409118
0
0.337201655
0.993530452
0.9906831
0.988050759
0.9836325
0.9818948
0.9803499
0.9764963
0.9742492
0.972000241
0.9673538
0.964322448
0.9612028
0.9553256
0.9529386
0.950948238
0.9480216
0.946961462
0.9460617
0.9448978
0.9445048
0.9445048
0.945804834
0.9481873
0.952382863
0.9596108
0.96217
0.9642171
0.966443062
0.967202067
0.9678386
0.971422255
0.976083457
0.9834458
0.994083
0.9969868
0.998627543
0.999880552
0.9999975
0.999967
0.999867439
0.999616742
0.9994962
0.999299049
0.9992063
0.999044955
0
0
0
0
0
0
0
0
0
0
0
0
0
0
0
0
0
0
0
0
0
0
0.302380949
0.324836433
0.410364956
0.4519233
0.485882223
0.5341898
0.5512503
0.5640038
0.188567713
0.143835485
0.09761756
0.03542349
0.014891969
0
0
0
0
0
0
0
0
0
0
0
0
0
0
0
0
0
0
0
0
0
0
0
0
0
0
0
0.3453098
0.7581672
0.79146874
0.9999941
0.9999732
0.99996233
0.999962449
0.9999369
0.6768174
0.348882377
0
0
0
0
0
0
0
0
0
0
0
0
0
0
0
0
0
0
0
0
0
0.5974921
0.932775438
0.9999125
0.999820769
0.9997806
0.9997454
0.9996408
0.9992181
0.9983903
0
0
0
0
0
0
0
