243053924
0
0
0
0
0
0
0
0
0
0
0
0
0
0
0
0
0
0
0
0
0
0
0
0
0
0
0
0
0
0
0
0
0
0
0
0
0
0
0
0
0
0
0
0
0
0
0
0
0
0
0
0
0
0
0
0
0
0
0
0
0
0
0
0
0
0
0
0
0
0.187288016
0.214677975
0.233522862
0.249774292
0.27354008
0.2679705
0
0
0
0
0
0
0
0
0
0
0
0
0
0
0
0
0
0
0
0
0
0
0
-0.579960167
-0.6210579
-0.998158157
-0.996937156
-0.995742142
-0.9946302
-0.9930074
-0.994148135
-0.477906376
-0.152520508
0
0
0
0
0
0
0
0
0
0
0
0
0
0
0
0
0
0
0
0
0
0
0
-0.181759566
-0.4379526
-0.8131482
-0.8567573
-0.999247968
-0.999247968
-0.9970499
-0.9948774
-0.9936263
-0.590668261
-0.195985
-0.112054341
-0.06969829
-0.0352641344
0
0
0
0
0
0
0
0
0
0
0
0
0
-0.3555076
-0.6153535
-0.9996432
-0.9988953
-0.998002
-0.9962192
-0.9954443
-0.9947731
-0.9941841
-0.992671132
-0.5581989
-0.186258942
-0.08660297
-0.0432331152
0
0
0
0
0
0
0
0
0
0
0
0
0
0
0
0
0
0
0
0
0
0
0
0
0
0
0
0
0
0
-0.150369674
-0.190497
-0.6174807
-0.923664033
-0.996856
-0.9950199
-0.9913995
-0.9890081
-0.6469137
-0.0441021435
-0.02501113
-0.0107979672
-0.00115661963
0
0
0
0
0
0
0
0
0
0
0
0
0
0
0
0
0
0
0
0
0
0
0
0
0
0
0
0
0
0
0
0
0
0
0
0.6264681
0.902825
0.9702842
0.968438864
0.9678876
0.9678876
0.9678876
0.9722572
0.9772731
0.566303849
0.121600643
0.09088084
0.05785234
0.00667404477
0
0
0
0
0
0
0
0
0
0
0
0
0
0
0
0
0
0
0
0.348850518
0.6872272
0.7109697
0.76560396
0.785646737
0.8014682
0.8141116
0.7827481
0.73614496
0.393717617
0.11786487
0.09569115
0.04279092
0.02113381
0.002418762
0
0
0
0
0
0
0
0
0
0
0
0
0
0
0
0
0
0
0
0
0
0
0
0
0
0
0
0
0
0
0
0
0
0
0
0
0
0
0
0
0
0
0
0
0
0
0
0
0
0
0
0
0
0
0
0
0
0
0
0
0
0
0
0
0
0
0
0
0
0
0
0
0
0
0
0
0
0
0
0
0
0
0
0
0
0
0
0
0
0
0
0
0
0
0
0
0
0
0
0
0
0
0
0
0
0
0
0
0
0
0
0
0
0
0
0
0
0
0
0
0
0
0
0
0
0
0
0
0
-0.213396668
-0.261111051
-0.569051445
-0.5784084
-0.6271153
-0.6628342
-0.7272556
-0.751189053
-0.77036
-0.784355044
-0.4706042
-0.439907342
-0.3907599
-0.08347034
-0.06645541
-0.0222634077
-0.0015423107
0
0
0
0
0
0
0
-0.270216256
-0.5723676
-0.6086872
-0.99990344
-0.9993494
-0.9985532
-0.996858358
-0.996118546
-0.9956637
-0.997696638
-0.591034
-0.5442735
-0.162273586
-0.121303514
-0.07752731
-0.008457337
0
0
0
0
0
0
0
0
0
0
0
0
0
0
0
0
0
0
0
0
0
0
0
0
0
0
0
0
0
0
0
0
0.196068913
0.235206917
0.506470442
0.524781168
0.5340128
0.5414133
0.551179051
0.5509883
0.5114677
0
0
0
0
0
0
0
0
0
0
0
0
0
0
0.266329944
0.55382967
0.8761568
0.9998271
0.999478638
0.9986419
0.9982439
0.9976058
0.9973562
0.997147
0.7266037
0.677336752
0.194949016
0
0
0
0
0
0
0
0
0
0
0
0
0
0
0
0
0
0
0
0
0
0
0
0
0
0
0
0
0
0
0
0
0
0
0
0
0
0
0
0
0
0
0
0
0
0
0
0
0
0
0
0
0
0
0
0
0
0
0
0
0
0
0
0
0
0
0
0
0
0
0
0
0
0
0
0
0
0
0
0
0
0
0
0
0
0
0
0
0
0
0
0
0
0
0
0
0
0
0
0
0
0
0
0
0
0
0
0
0
0
0
0
0
0
0
0
0
0
0
0
0
0
0
0
0
0
0
0
0
0
0
0
-0.183416262
-0.2218878
-0.491757274
-0.5357351
-0.553295851
-0.567304254
-0.581681848
-0.540964961
-0.110470861
-0.0315431245
0
0
0
0
0
0
0
0
0
0
0
0
0
0
0
0
0
0
0
0
0
0
0
0
0
0
0
0
0
0
0
0
0
0
0
0
0
0
0
0
0
0
0
0
-0.0297018085
-0.0709660351
-0.110514931
-0.142364547
-0.188805014
-0.204867527
-0.214155555
-0.20082511
-0.1871545
-0.167054176
-0.159708947
-0.154307723
-0.146021053
-0.141149759
-0.120947175
-0.0509256534
-0.0224290211
0
0
0
0
0
0
0
0
0
0
0
0
0
0
0
0
0
0
0
0
0
0
0
0
0
0
0
0
0
0
0
0
0
0
0
0
0
0
0
0
0
0
0
0
0
0
0
0
0
0
0
0
0
0
0
0
0
0
0
0
0
0.260746837
0.519671738
0.5417257
0.582902849
0.598295
0.6101447
0.617563
0.177258223
0.131893918
0.08570757
0.0157027859
0
0
0
0
0
0
0
0
0
0
0
0.1944095
0.237919137
0.532163143
0.550469637
0.5671876
0.5912952
0.5998661
0.606730461
0.612222
0.6158947
0.5698249
0.03158298
0.00458350545
0
0
0
0
0
0
0
0
0
0
0
0.299049765
0.587079942
0.9222775
0.9465689
0.99995935
0.9999858
0.9995617
0.99925977
0.998687446
0.998445
0.998238444
0.997982144
0.6682502
0.3508602
0
0
0
0
0
0
0
0
0
0
0
0
0
0
0
0.431590021
0.7757692
0.7955913
0.83297354
0.842053831
0.802189767
0
0
0
0
0
0
0
0
0
0
0
0
0
0
0
0
0
0
0.160658225
0.6704308
0.9999939
0.9997876
0.9996408
0.9994962
0.999244452
0.999106467
0.669587851
0.333821625
0
0
0
0
0
0
0
0
0
0
0
0
0
0
0
0
0
0
0
0
0
0
0
0
0
0
0
0
0
0
0
0
0
0.8420364
0.8613512
0.889584661
0.5604149
0
0
0
0
0
0
0
0
0
0
0
0
0
0
0
0
0
0
0
0
0
0
0
0
0
0
0
0
0
0
0
0
0
0
0
0.214448988
0.601532161
0.999970555
0.9999157
0.9998516
0.999691248
0.999554455
0.9994106
0.732528746
0.7026073
0.43908453
0
0
0
0
0
0
0
0
0
0
0
0
0
0
0
0
0
0
0
0
0.42064324
0.999655366
0.9994324
0.998713851
0.9965082
0.995354533
0.9942973
0.992390931
0.991524637
0.990662634
0.989820361
0.9884064
0.987861753
0.9874139
0.9867806
0.986538768
0.986538768
0.9860638
0.9860638
0.9860638
0.9856813
0.9856813
0.9856813
0.9856813
0.9856813
0.9856813
0.9856813
0.9856813
0.9856813
0.9856813
0.9856813
0.9856813
0.9856813
0.9856813
0.9856813
0.9856813
0.9855861
0.9855861
0.9855861
0.9855861
0.9855861
0.9855861
0.9855861
0.9855861
0.9855861
0.9855861
0.9855861
0.9855861
0.9855861
0.9855861
0.9855861
0.9855861
0.9855861
0.9855861
0.9855861
0.9855861
0.9855861
0.9855861
0.9855861
0.9855861
0.9855861
0.9855861
0.9855861
0.986167252
0.9862705
0.9862705
0.9862705
0.9862705
0.9862705
0.9862705
0.9862705
0.986799836
0.986991644
0.987267554
0.987267554
0.9874608
0.9874608
0.9874608
0.9874608
0.987722635
0.987722635
0.987722635
0.987722635
0.987722635
0.987722635
0.987722635
0.987722635
0.987722635
0.987722635
0.987722635
0.987722635
0.987722635
0.987722635
0.987722635
0.987722635
0.987722635
0.987722635
0.9879218
0.9879218
0.9879218
0.9879218
0.9879218
0.9879218
0.9879218
0.9879218
0.9879218
0.9879218
0.9879218
0.9879218
0.9879218
0.9879218
0.9879218
0.9879218
0.9879218
0.9879218
0.9879218
0.986996531
0.986412168
0.9844839
0.983386934
0.9822996
0.981277
0.9795146
0.978699565
0.977181733
0.9765653
0.9757447
0.9747499
0.971531034
0.969452
0.9653157
0.9634313
0.961676061
0.9585059
0.9569923
0.95572
0.954598844
0.9527452
0.9520617
0.9508799
0.9504178
0.9500486
0.9495922
0.9495922
0.9495922
0.9491169
0.9491169
0.948761463
0.948274434
0.948274434
0.9478731
0.9478731
0.9473129
0.9473129
0.946943939
0.9462385
0.9458491
0.94509387
0.944674551
0.9442362
0.943787634
0.9426151
0.941916466
0.9412055
0.939146936
0.9378756
0.9349649
0.933435142
0.932037532
0.9296509
0.9286574
0.927747548
0.927020967
0.9259266
0.9259266
0.9248966
0.9248966
0.9248966
0.9227829
0.9115828
0.903657138
0.4380939
0.1364306
0.114071518
0.07396503
0.0444235
0.03567855
0.0287310518
0.0312551036
0.0322607048
0.0330184735
0.03253025
0.0317344256
0.0318457671
0.0391476974
0.291653067
0.942013562
0.990308344
0.990308344
0.990308344
0.990308344
0.990308344
0.990308344
0.989631355
0.489171475
0.0325280577
0.009268126
0
0
0
0
0
0
0
0
0
0
0
0.3082707
0.356113046
0.856135845
0.9994252
0.999370158
0.999279559
0.999243259
0.999243259
0.999243259
0.9991642
0.9991642
0.9991642
0.999114931
0.999114931
0.9989672
0.138620853
0.116515227
0.0842248648
0.0230369847
0.002509084
0
0
0
0
0
0
0
0
0
0
0
0
0
0
0
0.233071879
0.241514608
0.24871096
0.2581461
0.2399998
0.192477971
0
0
0
0
0
0
0
0
0
0
0
0
0
0
0
0
0
0.5579216
0.999537945
0.999537945
0.999537945
0.9995857
0.999624252
0.999664664
0
0
0
0
0
0
0
0
0
0
0
0
0
0
0
0
0
0
0
0
0
0
0
0
0
0
0
0
0
0
0
0
0
0
0
0
0
0
0
0
0
0
0
0
0
0
0
0
0
0
0
0
0
0
0
0
0
0
0
0
0
0
0
0
0
0
0
0
0
0
0
0
0
0
0
0
0
0
0
0
-0.260739535
-0.300294936
-0.6761971
-0.999177158
-0.999223
-0.999223
-0.999223
-0.999223
-0.999191463
-0.9990891
-0.9988446
-0.998652935
-0.9984314
-0.9976121
-0.996860862
-0.995956957
-0.995067954
-0.9935476
-0.992950559
-0.9920089
-0.991660535
-0.991376
-0.9911664
-0.990861654
-0.9907522
-0.9907522
-0.9907522
-0.990440845
-0.990353942
-0.990353942
-0.990353942
-0.990353942
-0.990353942
-0.990353942
-0.990353942
-0.990353942
-0.990353942
-0.990353942
-0.990353942
-0.9900068
-0.9898756
-0.989412367
-0.989128768
-0.9889214
-0.9885777
-0.988429
-0.336391449
0
0
0.159327775
0.159678638
0.159581482
0.06728648
0.03091624
0
0
0
0
0
0
0
0
-0.179574221
-0.547117531
-0.580200851
-0.998602
-0.9984074
-0.9980629
-0.9979126
-0.9976477
-0.9964778
-0.9957728
-0.995112836
-0.806859
-0.425245047
-0.03677892
-0.0106213382
0
0
0
0
0
0
0
0
0
0
0
0
0
0
0
-0.662188
-0.998618
-0.9978771
-0.9974975
-0.9971722
-0.996485353
-0.99588877
-0.9951277
-0.9928646
-0.9907767
-0.9882565
-0.982382238
-0.9789868
-0.975387335
-0.9717899
-0.9657083
-0.9633857
-0.962008238
-0.9689791
-0.7776198
-0.139968857
0
0
0
0
0
0
0
0
0
0
0
-0.474578232
-0.766894042
-0.9976519
-0.9975616
-0.9971744
-0.9969656
-0.9958832
-0.994953334
-0.993861556
-0.992749333
-0.9904327
-0.9892993
-0.987111
-0.985845745
-0.9846185
-0.9824263
-0.9815533
-0.9807817
-0.97964406
-0.9792662
-0.977704048
-0.407597363
-0.120336011
-0.08245073
-0.02607791
-0.00649839872
0
0
0
0
-0.491003424
-0.898593843
-0.9965486
-0.9948284
-0.993787944
-0.992727757
-0.9908697
-0.989909649
-0.9884787
-0.984551251
-0.9829395
-0.9815984
-0.97952044
-0.978759468
-0.978174567
-0.69431895
-0.4146784
-0.372228235
-0.08360198
-0.05710326
-0.03345827
0
0
0
0
0
0
0
0
0
0
0
0
0
0
0
0
0
-0.284831226
-0.747756958
-0.790186942
-0.998589
-0.998154461
-0.99780935
-0.997476041
-0.996877551
-0.9964371
-0.995163441
-0.8165059
-0.426757157
-0.204359189
-0.134549692
-0.01204219
0
0
0
0
0
0
-0.169588521
-0.7421585
-0.951615751
-0.952349
-0.9508029
-0.950229049
-0.9497646
-0.9493937
-0.948848248
-0.9483616
-0.9458668
-0.9442541
-0.9425879
-0.9390268
-0.9372691
-0.9357393
-0.9329671
-0.9318933
-0.930813849
-0.9285793
-0.9276495
-0.9267946
-0.925501347
-0.9250156
-0.9250156
-0.9240115
-0.9240115
-0.9240115
-0.92336303
-0.92336303
-0.92336303
-0.9230532
-0.9230532
-0.9230532
-0.9230532
-0.9230532
-0.9230532
-0.9230532
-0.9230532
-0.9230532
-0.9230532
-0.9230532
-0.9230532
-0.9230532
-0.9230532
-0.9230532
-0.9230532
-0.9230532
-0.9230532
-0.9230532
-0.9230532
-0.9230532
-0.9243201
-0.924578667
-0.9270898
-0.7004981
-0.691909432
-0.6853745
-0.937594831
-0.9481786
-0.9513062
-0.955670834
-0.9571868
-0.9583859
-0.9600841
-0.960680366
-0.9611562
-0.9614901
-0.961969733
-0.961969733
-0.9622777
-0.9622777
-0.9622777
-0.9622777
-0.9622777
-0.9622777
-0.9622777
-0.9622777
-0.961666048
-0.611307561
-0.208704144
-0.0178902168
0
0
0
0
0
-0.297855824
-0.9997657
-0.9997657
-0.9994758
-0.9982439
-0.997389138
-0.996528447
-0.9948743
-0.994092762
-0.993330538
-0.991879642
-0.9912417
-0.9906911
-0.9898756
-0.989576459
-0.989308059
-0.988770366
-0.9884787
-0.9882429
-0.9880278
-0.987713337
-0.987713337
-0.9874843
-0.9874843
-0.987253368
-0.987253368
-0.987253368
-0.987253368
-0.987253368
-0.987253368
-0.987253368
-0.987253368
-0.987253368
-0.987253368
-0.987253368
-0.987253368
-0.987253368
-0.987253368
-0.987253368
-0.987253368
-0.987253368
-0.98702985
-0.98702985
-0.98702985
-0.98702985
-0.98702985
-0.98702985
-0.98702985
-0.98702985
-0.98702985
-0.9867855
-0.9863927
-0.9840714
-0.9817161
-0.9776499
-0.9093477
-0.900985956
-0.893067658
-0.8802251
-0.8754016
-0.871541739
-0.8684186
-0.864214
-0.8641414
-0.8723383
-0.8794054
-0.8884876
-0.3990245
0.07194048
0.260779053
0.94896096
0.9523574
0.9554818
